START [3 4 7 4 2]: 0.07999999999999999
START [3 4 6 5 2]: 0.012499999999999997
START [2 5 6 5 2]: 0.0
START [3 5 6 4 2]: 0.06578947368421052
START [2 5 7 4 2]: 0.06578947368421052
START [3 4 6 4 3]: 0.025316455696202524
START [3 4 7 3 2]: 0.08428358948934059
START [2 5 7 3 2]: 0.07982225148123764
START [2 5 7 4 1]: 0.06926336375488916
START [3 4 7 4 1]: 0.09077306733167081
START [3 3 7 4 2]: 0.08860129417620705
START [2 4 7 5 1]: 0.07804797896812356
START [2 5 6 5 1]: 0.0
START [2 4 7 4 2]: 0.03813291139240505
START [3 5 6 4 1]: 0.06578947368421052
START [3 3 6 5 2]: 0.0131253860407659
START [3 5 6 3 2]: 0.06578947368421052
START [3 4 6 5 1]: 0.0131253860407659
START [2 5 5 5 2]: 0.0
START [2 5 6 4 2]: 0.007834101382488478
START [3 4 6 4 2]: 0.027403695584090188
START [3 4 6 3 3]: 0.0265999061179784
START [3 5 5 4 2]: 0.07804797896812356
START [3 4 5 5 2]: 0.01375154511742892
START [3 4 5 4 3]: 0.027886573711420955
START [2 5 7 4 0]: 0.07030779548507544
START [2 5 7 2 2]: 0.08263797781924558
START [2 4 7 5 0]: 0.08108531452598856
START [3 4 7 4 0]: 0.09320982702122273
START [3 4 7 3 1]: 0.10064057558605517
START [2 5 7 3 1]: 0.09989113697700214
START [2 4 7 4 1]: 0.05505769215497865
START [1 5 7 4 1]: 0.0882245738764344
START [3 2 7 4 2]: 0.09600999820576751
START [3 4 7 2 2]: 0.08449600538737027
START [3 3 7 4 1]: 0.10173581526099418
START [2 4 7 3 2]: 0.06545614203916661
START [2 3 7 5 1]: 0.1085868173038011
START [3 3 7 3 2]: 0.12140356652254551
START [1 5 6 5 1]: 0.0
START [2 5 6 5 0]: 0.0
START [3 5 6 4 0]: 0.06665582832059826
START [3 4 6 5 0]: 0.013312766107550826
START [3 5 6 3 1]: 0.06926336375488916
START [2 5 6 3 2]: 0.025017840955117925
START [2 4 6 5 1]: 0.014517902549652937
START [3 5 6 2 2]: 0.06578947368421052
START [2 5 6 4 1]: 0.01582880954201391
START [3 4 6 4 1]: 0.033710684483865314
START [3 3 6 5 1]: 0.013813429988553984
START [3 3 6 3 3]: 0.028013827015295208
START [3 4 6 3 2]: 0.04278134675985699
START [3 2 6 5 2]: 0.013156289320166237
START [2 4 6 4 2]: 0.028023770006615666
START [3 4 6 2 3]: 0.026663369645641068
START [3 3 6 4 2]: 0.03402444576752004
START [3 5 5 4 1]: 0.08160237388724036
START [2 5 5 5 1]: 0.0
START [2 5 5 4 2]: 0.014211994793833515
START [3 3 5 5 2]: 0.017018532268805925
START [3 4 5 4 2]: 0.03131549531926783
START [2 5 4 5 2]: 0.0
START [3 5 4 4 2]: 0.08108531452598858
START [3 5 5 3 2]: 0.09240759240759239
START [3 4 5 3 3]: 0.030725428094313605
START [3 4 5 5 1]: 0.016073524856892667
START [3 4 4 5 2]: 0.014032021401026924
START [3 4 4 4 3]: 0.030401678296730454
START [2 5 7 3 0]: 0.10257494296333401
START [2 5 7 2 1]: 0.1150687020124521
START [1 5 7 3 1]: 0.14801983097300603
START [1 5 7 4 0]: 0.09024828174039976
START [1 4 7 5 0]: 0.09362193026093367
START [2 4 7 4 0]: 0.05893457949948698
START [2 5 7 1 2]: 0.08319590837311558
START [1 4 7 4 1]: 0.09591080332638462
START [3 4 7 2 1]: 0.10842419434790374
START [2 4 7 2 2]: 0.0683983119559626
START [3 4 7 3 0]: 0.10453601681362729
START [3 4 7 1 2]: 0.08450649721782108
START [3 3 7 4 0]: 0.10485035452228135
START [2 4 7 3 1]: 0.10398406264151878
START [2 3 7 5 0]: 0.11745807285556113
START [2 3 7 4 1]: 0.08328662640811559
START [2 2 7 5 1]: 0.11759428346312689
START [3 3 7 3 1]: 0.16610027259568572
START [3 3 7 2 2]: 0.12381499953830002
START [3 1 7 4 2]: 0.0973994393888419
START [3 2 7 4 1]: 0.11132515753943624
START [2 3 7 3 2]: 0.09414204341825332
START [3 2 7 3 2]: 0.13621616896211686
START [1 5 6 5 0]: 0.0
START [3 5 6 3 0]: 0.07013537758930027
START [2 5 6 3 1]: 0.0509394869579339
START [3 5 6 1 2]: 0.06578947368421052
START [2 5 6 4 0]: 0.01603261087636596
START [1 5 6 4 1]: 0.03281454981618818
START [2 5 6 2 2]: 0.028443957337134017
START [3 5 6 2 1]: 0.06926336375488916
START [3 4 6 4 0]: 0.03497292023299699
START [2 4 6 5 0]: 0.01573609501199485
START [3 4 6 1 3]: 0.0266665038503165
START [3 4 6 2 2]: 0.043061108942983345
START [3 3 6 5 0]: 0.014021129004549025
START [3 3 6 2 3]: 0.028086894074837956
START [2 4 6 3 2]: 0.1080222805376054
START [3 3 6 3 2]: 0.06572018389121326
START [2 4 6 4 1]: 0.14441796530115625
START [3 2 6 5 1]: 0.013848959902504813
START [2 3 6 5 1]: 0.03706996864702289
START [3 4 6 3 1]: 0.06884541848026261
START [3 3 6 4 1]: 0.046127480574205126
START [3 1 6 5 2]: 0.013157815456886837
START [2 5 5 5 0]: 0.0
START [3 2 6 4 2]: 0.0324824038884738
START [3 5 5 4 0]: 0.08280341727095092
START [1 5 5 5 1]: 0.0
START [3 5 5 2 2]: 0.09240759240759239
START [2 5 5 4 1]: 0.02366175220866197
START [3 4 5 5 0]: 0.01645781176870118
START [3 4 5 4 1]: 0.039724184725310016
START [3 5 5 3 1]: 0.11276503080073531
START [3 4 5 2 3]: 0.03298504087728779
START [2 4 5 4 2]: 0.038714173213678475
START [3 3 5 5 1]: 0.02193801555714677
START [3 4 5 3 2]: 0.053487389639707734
START [2 4 5 5 1]: 0.012921414465083096
START [2 5 5 3 2]: 0.02832210007919996
START [3 2 5 5 2]: 0.018304549194527155
START [3 3 5 3 3]: 0.04227816796978308
START [2 5 4 5 1]: 0.0
START [3 5 4 3 2]: 0.11227638150404706
START [3 3 5 4 2]: 0.04065217913693409
START [3 5 4 4 1]: 0.09131960630099119
START [3 4 4 5 1]: 0.017693325572269138
START [2 5 4 4 2]: 0.01543098527519992
START [3 4 4 3 3]: 0.03377495576943318
START [3 5 3 4 2]: 0.08176613771853998
START [3 4 4 4 2]: 0.032127530328698306
START [3 3 4 5 2]: 0.01982593123774294
START [3 4 3 5 2]: 0.01407521110095754
START [2 5 3 5 2]: 0.0
START [3 4 3 4 3]: 0.03087466523656735
START [2 5 7 0 2]: 0.08330618489856989
START [2 5 7 1 1]: 0.11949829424176536
START [2 5 7 2 0]: 0.12268322668025178
START [0 5 7 4 0]: 0.09649779258421626
START [2 4 7 3 0]: 0.11687677243660125
START [1 5 7 2 1]: 0.18450939387041276
START [1 4 7 4 0]: 0.1200084202216564
START [1 5 7 3 0]: 0.15535028062239567
START [2 4 7 1 2]: 0.07162930313845037
START [3 4 7 1 1]: 0.10882455812670638
START [1 4 7 3 1]: 0.1440508792505086
START [3 4 7 2 0]: 0.11435165273613321
START [2 4 7 2 1]: 0.13991972509982492
START [3 4 7 0 2]: 0.08450701533816504
START [1 3 7 5 0]: 0.16670887138112164
START [3 3 7 1 2]: 0.12397094101772503
START [3 3 7 3 0]: 0.1789516461270362
START [2 3 7 4 0]: 0.0969848693274149
START [2 2 7 5 0]: 0.13138952721250277
START [3 2 7 4 0]: 0.11508977196725009
START [3 3 7 2 1]: 0.18502771583993755
START [3 2 7 3 1]: 0.19381624488134822
START [2 2 7 4 1]: 0.10576294008664419
START [2 3 7 2 2]: 0.11448465123388608
START [2 3 7 3 1]: 0.1419354035522269
START [3 1 7 4 1]: 0.11329467793314806
START [2 1 7 5 1]: 0.1199412948352161
START [3 2 7 2 2]: 0.14811572035240045
START [3 1 7 3 2]: 0.14213068611988983
START [3 0 7 4 2]: 0.09809120752424229
START [0 5 6 5 0]: 0.0
START [3 5 6 2 0]: 0.07030779548507544
START [3 5 6 1 1]: 0.06926336375488916
START [2 5 6 3 0]: 0.0631748781846413
START [3 5 6 0 2]: 0.06578947368421052
START [2 5 6 1 2]: 0.0291123512498406
START [1 5 6 4 0]: 0.0423348099159508
START [2 5 6 2 1]: 0.07489691560520022
START [1 5 6 3 1]: 0.09586334991058146
START [3 4 6 1 2]: 0.043074928248984366
START [1 4 6 5 0]: 0.04500074803243244
START [3 4 6 3 0]: 0.07808277087503396
START [3 4 6 2 1]: 0.08208703910001212
START [1 4 6 4 1]: 0.3263133964844372
START [3 4 6 0 3]: 0.02666665862635186
START [2 4 6 4 0]: 0.24175641176779147
START [2 4 6 3 1]: 0.2888216220069801
START [2 4 6 2 2]: 0.18690343789643782
START [2 3 6 5 0]: 0.04956536168513476
START [3 3 6 1 3]: 0.02809065779950291
START [3 3 6 2 2]: 0.08199832958545798
START [3 3 6 4 0]: 0.050030516625826714
START [2 3 6 4 1]: 0.2860081755359116
START [2 3 6 3 2]: 0.25561702381588935
START [3 3 6 3 1]: 0.10169177313953263
START [3 2 6 2 3]: 0.028160902882409702
START [3 2 6 5 0]: 0.014058273108892527
START [3 2 6 4 1]: 0.04903613831758484
START [3 2 6 3 2]: 0.07651321161936302
START [3 0 6 5 2]: 0.01315789082178229
START [3 1 6 5 1]: 0.01385078999869835
START [1 5 5 5 0]: 0.0
START [3 1 6 4 2]: 0.033307309725364935
START [3 5 5 3 0]: 0.11492444315771584
START [2 5 5 4 0]: 0.02585471214742228
START [1 5 5 4 1]: 0.03578536051982273
START [2 2 6 5 1]: 0.05566724215220427
START [3 5 5 2 1]: 0.11996434261436914
START [2 5 5 3 1]: 0.05317681496876547
START [2 5 5 2 2]: 0.03893666687699554
START [3 4 5 4 0]: 0.043187105398624304
START [3 5 5 1 2]: 0.09240759240759239
START [2 4 5 4 1]: 0.15456707639623585
START [2 4 5 5 0]: 0.017665703480158904
START [2 4 5 3 2]: 0.1155325934813872
START [3 3 5 5 0]: 0.022602940141896396
START [2 3 5 5 1]: 0.03748510591644398
START [3 4 5 1 3]: 0.03310060556152667
START [3 4 5 2 2]: 0.06133228016605543
START [3 4 5 3 1]: 0.07810323694771674
START [3 3 5 4 1]: 0.05595141985632321
START [3 3 5 3 2]: 0.07081851710413031
START [3 3 5 2 3]: 0.04548499111472457
START [3 1 5 5 2]: 0.018374574521137946
START [3 2 5 5 1]: 0.02351277711948167
START [2 5 4 5 0]: 0.0
START [3 2 5 4 2]: 0.04572818219450091
START [2 5 4 4 1]: 0.02684385912289471
START [3 5 4 3 1]: 0.14892204886901822
START [1 5 4 5 1]: 0.0
START [3 5 4 4 0]: 0.09289350323955259
START [3 5 4 2 2]: 0.11478411901300754
START [3 4 4 5 0]: 0.018394838479423054
START [2 5 4 3 2]: 0.036338521905173844
START [2 4 4 5 1]: 0.022059466272296498
START [2 4 4 4 2]: 0.06961552726713655
START [3 4 4 2 3]: 0.036656726392944296
START [3 3 4 5 1]: 0.027454866664720474
START [3 4 4 3 2]: 0.05403761806049142
START [3 2 4 5 2]: 0.021967817044282398
START [3 4 4 4 1]: 0.04603350156155082
START [3 3 4 4 2]: 0.049272410362251044
START [3 3 4 3 3]: 0.052734739426765154
START [3 5 3 4 1]: 0.09458911143895626
START [2 5 3 5 1]: 0.0
START [2 5 3 4 2]: 0.01595418282545021
START [3 4 3 5 1]: 0.017998233226791217
START [3 4 3 3 3]: 0.034586575018438856
START [2 5 2 5 2]: 0.0
START [3 3 3 5 2]: 0.020353417316113065
START [3 4 3 4 2]: 0.032858338267077195
START [3 5 3 3 2]: 0.11896789745460941
START [3 5 2 4 2]: 0.08192155829066074
START [3 4 2 5 2]: 0.014082940914179151
START [3 4 2 4 3]: 0.031139556123279583
START [2 5 7 1 0]: 0.1329319139855867
START [1 5 7 1 1]: 0.19934009486926235
START [2 4 7 2 0]: 0.16993219361284584
START [1 5 7 2 0]: 0.20483816391987683
START [2 5 7 0 1]: 0.12043897568731432
START [0 4 7 4 0]: 0.16196272732958786
START [0 5 7 3 0]: 0.17776524749343753
START [1 4 7 3 0]: 0.17534303029840098
START [3 4 7 1 0]: 0.11614769730069426
START [3 4 7 0 1]: 0.10884498529747852
START [2 4 7 0 2]: 0.07222602963629755
START [1 4 7 2 1]: 0.19940742118139937
START [2 4 7 1 1]: 0.16123386491765065
START [2 3 7 3 0]: 0.16509496970517623
START [3 3 7 1 1]: 0.18945812425733968
START [1 3 7 3 1]: 0.19513574156300895
START [3 3 7 2 0]: 0.2049939407145887
START [2 3 7 2 1]: 0.18010886401556483
START [3 3 7 0 2]: 0.12398044993421006
START [1 3 7 4 0]: 0.17677535227430516
START [2 3 7 1 2]: 0.1268359807974689
START [2 1 7 5 0]: 0.13599548100450676
START [1 2 7 5 0]: 0.21879468381476516
START [3 2 7 2 1]: 0.24159059245512948
START [2 2 7 4 0]: 0.13324351171962676
START [3 2 7 3 0]: 0.20814307182697123
START [3 1 7 4 0]: 0.11726444906838081
START [3 2 7 1 2]: 0.14912511420033772
START [2 2 7 2 2]: 0.15505140725412886
START [3 1 7 2 2]: 0.1591768632927026
START [3 1 7 3 1]: 0.20543617775192732
START [2 2 7 3 1]: 0.1790675452921447
START [2 1 7 4 1]: 0.12137033102940034
START [3 0 7 4 1]: 0.11429733151094644
START [2 0 7 5 1]: 0.12051494742187296
START [3 5 6 1 0]: 0.07030779548507544
START [2 5 6 0 2]: 0.029242569708010795
START [3 0 7 3 2]: 0.14421617267124687
START [1 5 6 3 0]: 0.11911980799947006
START [2 5 6 1 1]: 0.08950255816750001
START [1 5 6 2 1]: 0.1438911218545756
START [1 4 6 4 0]: 0.42317726601928474
START [3 4 6 2 0]: 0.10229955320877626
START [3 5 6 0 1]: 0.06926336375488916
START [0 5 6 4 0]: 0.059332923401568045
START [2 5 6 2 0]: 0.10338944101672679
START [2 4 6 1 2]: 0.2459123555540188
START [1 4 6 3 1]: 0.5704824058938791
START [3 4 6 1 1]: 0.09042712174269325
START [2 4 6 2 1]: 0.5238647495638432
START [2 4 6 3 0]: 0.37821199714695836
START [3 4 6 0 2]: 0.04307561069333656
START [1 3 6 5 0]: 0.12684372123851553
START [3 3 6 2 1]: 0.1443901708830665
START [2 3 6 4 0]: 0.38223807082756744
START [3 3 6 3 0]: 0.12336914139991798
START [3 2 6 4 0]: 0.05626532027017484
START [3 3 6 0 3]: 0.028090851327645643
START [2 2 6 5 0]: 0.0807105014928368
START [2 3 6 2 2]: 0.362513248613106
START [3 2 6 1 3]: 0.028164743804808608
START [2 3 6 3 1]: 0.48202889788211967
START [3 2 6 2 2]: 0.11386632434663295
START [3 1 6 4 1]: 0.05312702376573577
START [3 3 6 1 2]: 0.08596449016636964
START [2 2 6 4 1]: 0.457498152516009
START [3 0 6 4 2]: 0.03333284858114528
START [3 1 6 5 0]: 0.014060216743572107
START [3 2 6 3 1]: 0.1303805500929071
START [2 5 5 3 0]: 0.06314145937698865
START [3 0 6 5 1]: 0.013850884100806716
START [2 1 6 5 1]: 0.06648865164764274
START [2 5 5 2 1]: 0.07702300072456333
START [3 1 6 3 2]: 0.08333354882857219
START [3 5 5 0 2]: 0.09240759240759239
START [2 4 5 4 0]: 0.24530983875910461
START [0 5 5 5 0]: 0.0
START [3 5 5 2 0]: 0.1233501055364084
START [1 5 5 4 0]: 0.04550223304636691
START [3 5 5 1 1]: 0.11996434261436914
START [2 5 5 1 2]: 0.041703524523427196
START [1 5 5 3 1]: 0.07074303995377725
START [3 4 5 2 1]: 0.10444260425142912
START [1 4 5 4 1]: 0.3088194604580164
START [2 3 5 5 0]: 0.04727592111420562
START [3 4 5 3 0]: 0.08759627089805698
START [3 3 5 4 0]: 0.06259094724584016
START [1 4 5 5 0]: 0.0488744127679975
START [3 3 5 3 1]: 0.10075060237779163
START [3 4 5 0 3]: 0.03310649694137585
START [2 4 5 2 2]: 0.1765165653681632
START [2 4 5 3 1]: 0.27403439794700596
START [2 3 5 3 2]: 0.2417745223784854
START [2 3 5 4 1]: 0.2715017498083649
START [3 3 5 1 3]: 0.04566595792056024
START [3 4 5 1 2]: 0.06242536660630958
START [3 2 5 2 3]: 0.048816136896744786
START [2 2 5 5 1]: 0.0559790467880102
START [3 2 5 5 0]: 0.024234671399931476
START [3 2 5 3 2]: 0.08430776029722312
START [3 1 5 5 1]: 0.023602107925442987
START [3 2 5 4 1]: 0.06694263563179709
START [3 3 5 2 2]: 0.08673592836824334
START [3 0 5 5 2]: 0.018378350546262908
START [3 1 5 4 2]: 0.04731443700426197
START [2 5 4 4 0]: 0.03118845275323337
START [2 5 4 2 2]: 0.04968904161235436
START [1 5 4 4 1]: 0.04497395012805332
START [3 5 4 2 1]: 0.17189770408090124
START [3 5 4 1 2]: 0.11478411901300754
START [2 4 4 5 0]: 0.027410194157337732
START [2 5 4 3 1]: 0.06096537671270093
START [3 4 4 4 0]: 0.05085351713993301
START [3 4 4 2 2]: 0.06472807396300433
START [3 5 4 3 0]: 0.15340012223409957
START [3 4 4 3 1]: 0.08470735330561358
START [2 4 4 3 2]: 0.1526657500505075
START [3 3 4 5 0]: 0.029492821803816658
START [3 3 4 4 1]: 0.07289521200087146
START [2 4 4 4 1]: 0.1924373035100053
START [1 5 4 5 0]: 0.0
START [3 3 4 2 3]: 0.05885746380205483
START [1 5 3 5 1]: 0.0
START [3 2 4 4 2]: 0.05832883954487322
START [3 4 4 1 3]: 0.03712586826122542
START [2 3 4 5 1]: 0.04410586606359596
START [3 3 4 3 2]: 0.07864821297239505
START [2 5 3 3 2]: 0.04173014838038345
START [3 5 3 4 0]: 0.09660354824113844
START [3 2 4 5 1]: 0.03180787195678205
START [3 1 4 5 2]: 0.022663012987120153
START [3 4 3 4 1]: 0.050663394877762905
START [2 5 3 5 0]: 0.0
START [3 4 3 5 0]: 0.019076830104862403
START [3 5 3 3 1]: 0.16786987751580945
START [3 4 3 3 2]: 0.05801884414032274
START [2 5 3 4 1]: 0.03226456774217381
START [2 4 3 4 2]: 0.09624752582313677
START [2 4 3 5 1]: 0.02690486005568138
START [3 5 3 2 2]: 0.12782818783372626
START [3 3 3 4 2]: 0.05345341796995357
START [3 5 2 3 2]: 0.12047146156960226
START [3 3 3 5 1]: 0.02996729557362907
START [3 4 3 2 3]: 0.03780311441566577
START [3 2 3 5 2]: 0.02375831368276262
START [3 3 3 3 3]: 0.05684821736140634
START [3 4 2 5 1]: 0.018054736458210693
START [3 4 2 4 2]: 0.033046798401360065
START [3 5 2 4 1]: 0.09533683618171528
START [2 5 2 5 1]: 0.0
START [3 5 1 4 2]: 0.08195683905026838
START [3 3 2 5 2]: 0.020450525235256572
START [3 4 1 5 2]: 0.014084237597010845
START [3 4 2 3 3]: 0.034968381778140024
START [2 5 2 4 2]: 0.016080011922675295
START [2 5 1 5 2]: 0.0
START [3 4 1 4 3]: 0.03120664446982658
START [2 5 7 0 0]: 0.13677924865286267
START [1 4 7 1 1]: 0.24721874504434435
START [3 4 7 0 0]: 0.11658396912203986
START [0 4 7 3 0]: 0.2272902418931604
START [2 4 7 1 0]: 0.21712029306894634
START [1 4 7 2 0]: 0.2495763467175199
START [1 5 7 1 0]: 0.23684777806795962
START [0 5 7 2 0]: 0.24995289337394172
START [1 5 7 0 1]: 0.20358569120794032
START [1 3 7 3 0]: 0.23001171613141683
START [2 4 7 0 1]: 0.17010980708218454
START [1 2 7 4 0]: 0.24855723147045825
START [2 3 7 2 0]: 0.22077689451527957
START [1 3 7 2 1]: 0.24373408754212947
START [2 3 7 1 1]: 0.2065869675681749
START [3 3 7 1 0]: 0.21638484841396108
START [3 3 7 0 1]: 0.18976270900858472
START [2 2 7 1 2]: 0.18803133228694358
START [3 2 7 2 0]: 0.2805484746051176
START [1 1 7 5 0]: 0.24454518483795326
START [2 3 7 0 2]: 0.13222889893424178
START [2 2 7 3 0]: 0.21612718213391852
START [2 1 7 4 0]: 0.16449603967716397
START [3 2 7 1 1]: 0.2527535004299133
START [2 2 7 2 1]: 0.2315314201494981
START [2 1 7 3 1]: 0.20320300588611045
START [3 2 7 0 2]: 0.14920165836325683
START [3 1 7 3 0]: 0.22175771533826946
START [2 0 7 5 0]: 0.13737262497102629
START [3 0 7 4 0]: 0.11838266565691741
START [3 1 7 2 1]: 0.2695551322001535
START [2 5 6 1 0]: 0.13297905607899588
START [3 1 7 1 2]: 0.16303455575819445
START [2 0 7 4 1]: 0.1306295077549322
START [3 0 7 2 2]: 0.16350133755684917
START [3 0 7 3 1]: 0.20983003131096595
START [0 5 6 3 0]: 0.1593322116800391
START [1 5 6 2 0]: 0.19591993176489014
START [0 4 6 4 0]: 0.5128041442604218
START [1 4 6 2 1]: 0.8288380446441745
START [3 5 6 0 0]: 0.07030779548507544
START [3 4 6 0 1]: 0.09219240538583902
START [1 5 6 1 1]: 0.1794910410056873
START [2 5 6 0 1]: 0.09759439669789871
START [2 4 6 2 0]: 0.6194605793338169
START [1 4 6 3 0]: 0.641196678870656
START [3 4 6 1 0]: 0.11972147902073743
START [2 4 6 0 2]: 0.28659020799443874
START [3 3 6 1 1]: 0.16240595060238347
START [2 4 6 1 1]: 0.6233310207010937
START [3 3 6 2 0]: 0.17779861489350632
START [3 3 6 0 2]: 0.087325869731714
START [2 3 6 2 1]: 0.6980065271431782
START [1 3 6 4 0]: 0.6710042354740614
START [2 3 6 3 0]: 0.5613062939673958
START [1 2 6 5 0]: 0.20047300315820882
START [2 2 6 4 0]: 0.5623527053040277
START [3 2 6 3 0]: 0.1623479106498874
START [1 3 6 3 1]: 0.7438362096864011
START [2 2 6 3 1]: 0.6481448959194823
START [2 3 6 1 2]: 0.45159982088349876
START [3 2 6 2 1]: 0.19770947193106952
START [3 1 6 4 0]: 0.06337325698721015
START [3 2 6 0 3]: 0.028164943039056933
START [2 1 6 5 0]: 0.10535275300662701
START [3 2 6 1 2]: 0.12838766329678256
START [2 2 6 2 2]: 0.623568534331375
START [2 1 6 4 1]: 0.5438492313401452
START [3 1 6 2 2]: 0.1324473783522679
START [3 1 6 1 3]: 0.028168592326908767
START [2 0 6 5 1]: 0.07295245046526083
START [3 0 6 5 0]: 0.014060318306751937
START [3 1 6 3 1]: 0.148905182712794
START [3 0 6 4 1]: 0.05497669357706341
START [3 0 6 3 2]: 0.0864766878170464
START [1 5 5 3 0]: 0.08774440935203587
START [2 5 5 2 0]: 0.10050792216829268
START [3 5 5 1 0]: 0.12374775791329441
START [0 5 5 4 0]: 0.06217861310348692
START [2 5 5 1 1]: 0.09141815817063997
START [1 5 5 2 1]: 0.10294766462449549
START [1 4 5 4 0]: 0.40379797286129593
START [3 5 5 0 1]: 0.11996434261436914
START [2 4 5 3 0]: 0.35824882162438626
START [2 4 5 2 1]: 0.4205929857473596
START [2 3 5 4 0]: 0.3648627453221164
START [1 4 5 3 1]: 0.47799026713198023
START [2 3 5 3 1]: 0.39760611744089236
START [2 4 5 1 2]: 0.22716568164697568
START [2 5 5 0 2]: 0.042604195938952955
START [1 3 5 5 0]: 0.09025397524217436
START [3 4 5 1 1]: 0.11002975418749551
START [3 4 5 2 0]: 0.12395517025059863
START [2 3 5 2 2]: 0.32907945145808437
START [3 4 5 0 2]: 0.06246423712764049
START [3 3 5 3 0]: 0.11412231369390638
START [3 3 5 2 1]: 0.12506363693417472
START [3 3 5 1 2]: 0.09136848297427067
START [2 2 5 4 1]: 0.40061644883606545
START [3 3 5 0 3]: 0.04567602965599472
START [3 2 5 4 0]: 0.07617106927256721
START [2 2 5 5 0]: 0.0723492706031275
START [3 2 5 2 2]: 0.11559545808660551
START [3 1 5 5 0]: 0.024329032213688664
START [2 1 5 5 1]: 0.06513449170202648
START [3 2 5 1 3]: 0.04900716294832498
START [3 2 5 3 1]: 0.11658498257878491
START [3 1 5 4 1]: 0.07093353123000974
START [3 1 5 3 2]: 0.09092707856460307
START [3 0 5 5 1]: 0.023607116896834302
START [3 0 5 4 2]: 0.04786130432327236
START [2 5 4 3 0]: 0.0705307456809934
START [1 5 4 3 1]: 0.07107143542487265
START [3 5 4 2 0]: 0.17924836038560382
START [0 5 4 5 0]: 0.0
START [2 5 4 2 1]: 0.08808183874614699
START [1 5 4 4 0]: 0.05540613662110544
START [2 4 4 4 0]: 0.2872780423876025
START [1 4 4 4 1]: 0.3375131189786803
START [3 5 4 1 1]: 0.17285141570679646
START [3 5 4 0 2]: 0.11478411901300754
START [2 5 4 1 2]: 0.0541381778046008
START [1 4 4 5 0]: 0.055827368510505446
START [2 4 4 2 2]: 0.21117906359182487
START [3 4 4 2 1]: 0.11451829951092192
START [3 4 4 3 0]: 0.094886454408864
START [3 4 4 1 2]: 0.06823039862432599
START [2 4 4 3 1]: 0.2918758659225702
START [2 3 4 3 2]: 0.25278972447507725
START [3 4 4 0 3]: 0.03715583906836037
START [2 3 4 4 1]: 0.2987809557424388
START [3 3 4 3 1]: 0.10603184648843186
START [2 3 4 5 0]: 0.053347340091572396
START [2 2 4 5 1]: 0.06657868579000994
START [3 2 4 4 1]: 0.084296022768887
START [3 2 4 5 0]: 0.034321347499314106
START [3 3 4 4 0]: 0.08156238472237956
START [3 3 4 2 2]: 0.1002500492140499
START [3 1 4 5 1]: 0.033166854888222436
START [3 0 4 5 2]: 0.022711989689643594
START [3 2 4 3 2]: 0.09603130669138665
START [2 5 3 3 1]: 0.07122264229476422
START [3 2 4 2 3]: 0.06795296442075685
START [3 3 4 1 3]: 0.06038015914214315
START [3 1 4 4 2]: 0.06153191926903588
START [2 5 3 2 2]: 0.0608269563162868
START [3 4 3 4 0]: 0.05915764366011596
START [1 5 3 4 1]: 0.0527100675989865
START [3 5 3 1 2]: 0.12795524184219884
START [2 5 3 4 0]: 0.04018979014260304
START [3 5 3 3 0]: 0.17439274159011395
START [2 4 3 3 2]: 0.19902783981093214
START [1 5 3 5 0]: 0.0
START [3 3 3 5 0]: 0.033006800155594054
START [2 4 3 5 0]: 0.03527274700926999
START [3 4 3 2 2]: 0.07340183419669877
START [2 4 3 4 1]: 0.23646189288086977
START [3 5 3 2 1]: 0.20981850199278007
START [3 3 3 4 1]: 0.08496041003843352
START [3 4 3 1 3]: 0.03844002319443209
START [3 4 3 3 1]: 0.09298443863649439
START [3 3 3 2 3]: 0.06460013372904791
START [3 2 3 4 2]: 0.06925382522413151
START [2 3 3 5 1]: 0.04890545208741417
START [3 3 3 3 2]: 0.08412762299626027
START [3 1 3 5 2]: 0.024905038387912394
START [2 5 2 5 0]: 0.0
START [3 2 3 5 1]: 0.03686971594916333
START [2 5 2 4 1]: 0.03616711834352786
START [3 5 2 3 1]: 0.1736888454390429
START [2 5 2 3 2]: 0.045667412005224256
START [3 5 2 4 0]: 0.09830019106054634
START [1 5 2 5 1]: 0.0
START [3 4 2 5 0]: 0.019327626720273206
START [2 4 2 5 1]: 0.03205069928158775
START [3 4 2 4 1]: 0.05384925989442582
START [2 4 2 4 2]: 0.12989644626930585
START [3 3 2 3 3]: 0.05859424048497658
START [3 5 2 2 2]: 0.1351025845900639
START [3 4 2 2 3]: 0.03831506160690604
START [3 2 2 5 2]: 0.02441244512169772
START [3 4 2 3 2]: 0.059669123462750426
START [3 3 2 4 2]: 0.05590105403188605
START [3 3 2 5 1]: 0.030437951725143002
START [3 5 1 4 1]: 0.09551727732758822
START [2 5 1 4 2]: 0.016111937530725862
START [2 5 1 5 1]: 0.0
START [3 4 1 3 3]: 0.03509288598146237
START [3 4 1 5 1]: 0.01806520641525144
START [3 5 1 3 2]: 0.12083457984647393
START [3 4 1 4 2]: 0.03310733841241463
START [3 4 0 5 2]: 0.014084461095428349
START [2 5 0 5 2]: 0.0
START [3 4 0 4 3]: 0.031236172422850265
START [3 3 1 5 2]: 0.020468439635394527
START [3 5 0 4 2]: 0.08196485639092453
START [1 5 7 0 0]: 0.25183589278382673
START [0 4 7 2 0]: 0.31470313415283
START [1 4 7 0 1]: 0.2812507010435552
START [2 4 7 0 0]: 0.2514250975431687
START [0 3 7 3 0]: 0.27602948322707377
START [1 3 7 1 1]: 0.28757417172225685
START [1 3 7 2 0]: 0.2831951674794717
START [0 5 7 1 0]: 0.3048194927068732
START [2 3 7 0 1]: 0.22130472216084734
START [2 3 7 1 0]: 0.2749028720349643
START [2 2 7 2 0]: 0.2856083916401938
START [1 4 7 1 0]: 0.3211412119896572
START [3 3 7 0 0]: 0.21851831856688714
START [1 2 7 3 0]: 0.29233130819577474
START [2 2 7 0 2]: 0.209662792797349
START [2 2 7 1 1]: 0.2701443234153753
START [1 2 7 2 1]: 0.2915351944152432
START [2 1 7 2 1]: 0.2763139480555333
START [3 1 7 1 1]: 0.296509381116194
START [2 1 7 3 0]: 0.25274277760894387
START [3 2 7 1 0]: 0.3058353551652797
START [3 2 7 0 1]: 0.25420653256811876
START [3 1 7 0 2]: 0.16339923695819722
START [3 1 7 2 0]: 0.31696573770482783
START [2 1 7 1 2]: 0.2442505351794035
START [1 1 7 4 0]: 0.3209544936188399
START [1 0 7 5 0]: 0.2537793645918462
START [2 0 7 4 0]: 0.17994329344921373
START [3 0 7 3 0]: 0.22689712054465844
START [0 5 6 2 0]: 0.27200733266990557
START [2 0 7 3 1]: 0.21824752591604998
START [3 0 7 1 2]: 0.17038780839750353
START [3 0 7 2 1]: 0.2828400162044979
START [2 5 6 0 0]: 0.15189652335626105
START [1 5 6 1 0]: 0.25984222173579963
START [2 4 6 0 1]: 0.6491037853812206
START [3 4 6 0 0]: 0.12954194222466017
START [1 5 6 0 1]: 0.20304225245723706
START [1 4 6 1 1]: 0.9247997193573274
START [1 4 6 2 0]: 0.8909968606558455
START [2 4 6 1 0]: 0.7575051158266257
START [0 4 6 3 0]: 0.7374208464796439
START [1 3 6 3 0]: 0.8159059395301804
START [2 3 6 0 2]: 0.48030849928750574
START [1 3 6 2 1]: 0.9046480116388508
START [1 2 6 4 0]: 0.9063320564312427
START [2 3 6 1 1]: 0.7987376623138875
START [2 2 6 2 1]: 0.8879001130344932
START [2 3 6 2 0]: 0.7975146348329493
START [3 3 6 0 1]: 0.16929803684601927
START [2 2 6 3 0]: 0.7245722685529024
START [1 1 6 5 0]: 0.2626946329679035
START [3 3 6 1 0]: 0.20643111939455502
START [2 2 6 1 2]: 0.7199350625914247
START [3 2 6 2 0]: 0.25180770690294396
START [2 1 6 4 0]: 0.6414466352481141
START [2 1 6 3 1]: 0.7425478649164233
START [3 2 6 0 2]: 0.13153323821698587
START [3 1 6 1 2]: 0.15727859681631176
START [2 0 6 4 1]: 0.5642989529514251
START [3 2 6 1 1]: 0.24909828084339308
START [3 1 6 3 0]: 0.1848474525194105
START [3 1 6 2 1]: 0.23457283873881885
START [3 0 6 2 2]: 0.14275813071179033
START [3 0 6 4 0]: 0.06730258016824346
START [3 0 6 3 1]: 0.16045130531527943
START [1 5 5 1 1]: 0.12877062699828673
START [3 1 6 0 3]: 0.02816879221693315
START [2 0 6 5 0]: 0.11733544092074215
START [0 4 5 4 0]: 0.49128785188695334
START [2 5 5 0 1]: 0.09785539578881108
START [2 5 5 1 0]: 0.1297782314664973
START [1 4 5 2 1]: 0.6594572761112146
START [0 5 5 3 0]: 0.11664722169827837
START [2 4 5 1 1]: 0.5327510630944203
START [2 4 5 2 0]: 0.5181138260229152
START [3 5 5 0 0]: 0.12374775791329441
START [1 5 5 2 0]: 0.13386951707328842
START [1 4 5 3 0]: 0.561101417961067
START [3 4 5 1 0]: 0.1450195212936293
START [1 3 5 4 0]: 0.5701299634361293
START [3 4 5 0 1]: 0.11185899622315126
START [2 3 5 3 0]: 0.48455743323352296
START [1 3 5 3 1]: 0.5627026290579721
START [2 4 5 0 2]: 0.26445258631621077
START [2 3 5 1 2]: 0.4006596309537491
START [2 3 5 2 1]: 0.5410535656785992
START [3 3 5 1 1]: 0.14015748832922736
START [3 3 5 0 2]: 0.09290257430850221
START [3 3 5 2 0]: 0.14761570937795573
START [2 2 5 2 2]: 0.5027462730055482
START [2 2 5 4 0]: 0.5008674731201262
START [3 2 5 1 2]: 0.13041968892684705
START [2 2 5 3 1]: 0.5145830863403987
START [1 2 5 5 0]: 0.13436790611394667
START [2 1 5 5 0]: 0.08836922426442276
START [2 1 5 4 1]: 0.4793699936787909
START [3 1 5 1 3]: 0.04919917182651533
START [3 2 5 2 1]: 0.15931764312941346
START [3 1 5 4 0]: 0.08218845756063084
START [3 2 5 3 0]: 0.13457594462924213
START [3 2 5 0 3]: 0.049017979494459796
START [1 5 4 3 0]: 0.08492809463535299
START [3 0 5 5 0]: 0.024334424202295393
START [3 1 5 3 1]: 0.12851245110254994
START [3 1 5 2 2]: 0.13137510556870796
START [2 0 5 5 1]: 0.06999624883824625
START [0 5 4 4 0]: 0.07084722322190432
START [3 0 5 3 2]: 0.09420494058637177
START [3 5 4 0 1]: 0.17285141570679646
START [1 5 4 2 1]: 0.0979564267143795
START [3 0 5 4 1]: 0.07285726912962896
START [2 4 4 3 0]: 0.3694311396911589
START [1 4 4 3 1]: 0.43096753541368393
START [2 5 4 2 0]: 0.10820882731988321
START [2 5 4 0 2]: 0.05520684045093042
START [2 4 4 2 1]: 0.41830705902807175
START [2 5 4 1 1]: 0.1013117960744801
START [1 4 4 4 0]: 0.4309047280862569
START [3 5 4 1 0]: 0.18471219228998675
START [3 4 4 1 1]: 0.12590302075185766
START [3 4 4 2 0]: 0.1334578719354203
START [2 4 4 1 2]: 0.25987300101172717
START [3 4 4 0 2]: 0.06946916497988698
START [2 3 4 4 0]: 0.3873143731611921
START [3 3 4 3 0]: 0.11806494197907798
START [3 3 4 2 1]: 0.12858088703916576
START [2 3 4 3 1]: 0.37940346990303786
START [1 3 4 5 0]: 0.08571688725366133
START [2 2 4 4 1]: 0.39779010647283036
START [3 3 4 0 3]: 0.06047391473004024
START [2 3 4 2 2]: 0.31693294650744686
START [3 3 4 1 2]: 0.10617018492183877
START [3 1 4 5 0]: 0.03545379911510849
START [2 2 4 5 0]: 0.0812176271701232
START [3 2 4 2 2]: 0.12797598067201182
START [3 1 4 4 1]: 0.0895176357831553
START [3 2 4 4 0]: 0.0950621277521681
START [3 0 4 4 2]: 0.062180309346280285
START [3 1 4 3 2]: 0.10449963604260966
START [3 2 4 1 3]: 0.07022577637172324
START [2 1 4 5 1]: 0.07946734568735796
START [3 2 4 3 1]: 0.12539423282985293
START [2 5 3 3 0]: 0.08321718079993573
START [3 5 3 2 0]: 0.22593265960363457
START [2 5 3 2 1]: 0.10296522901974915
START [1 5 3 3 1]: 0.07790599442049347
START [3 0 4 5 1]: 0.03336111173190028
START [2 5 3 1 2]: 0.06927657750882174
START [3 5 3 0 2]: 0.12795524184219884
START [2 4 3 4 0]: 0.32428787946445237
START [1 5 3 4 0]: 0.0663128371063804
START [1 4 3 5 0]: 0.06651398693137803
START [1 4 3 4 1]: 0.3766925338945015
START [3 5 3 1 1]: 0.21435647953355771
START [2 4 3 3 1]: 0.33689716786114077
START [0 5 3 5 0]: 0.0
START [2 4 3 2 2]: 0.256182508254601
START [3 4 3 1 2]: 0.0800691155546073
START [3 4 3 2 1]: 0.12856441566123133
START [3 4 3 3 0]: 0.1071826291342328
START [3 3 3 4 0]: 0.09716069206131554
START [2 3 3 3 2]: 0.2921539484608099
START [3 4 3 0 3]: 0.03868953461784469
START [2 3 3 5 0]: 0.05877515637946359
START [3 3 3 3 1]: 0.11639447877774536
START [3 2 3 5 0]: 0.04161813067556413
START [2 3 3 4 1]: 0.34101729942343856
START [3 3 3 2 2]: 0.10868476083981575
START [3 3 3 1 3]: 0.06791378010827365
START [2 2 3 5 1]: 0.07350193474822916
START [3 2 3 3 2]: 0.103507971936096
START [3 1 3 5 1]: 0.039824666476923995
START [3 2 3 2 3]: 0.08136498612427902
START [3 2 3 4 1]: 0.10166789147869792
START [3 0 3 5 2]: 0.025281224229325244
START [2 5 2 4 0]: 0.04770281244671805
START [1 5 2 4 1]: 0.05960679918919438
START [3 1 3 4 2]: 0.07496824868710866
START [3 4 2 4 0]: 0.06636334018216715
START [2 5 2 3 1]: 0.080284589322613
START [1 5 2 5 0]: 0.0
START [3 5 2 3 0]: 0.1841778544514932
START [2 4 2 4 1]: 0.2895074671758744
START [2 5 2 2 2]: 0.0701028359191404
START [2 4 2 3 2]: 0.2492365220134572
START [3 4 2 3 1]: 0.09927541449725151
START [3 5 2 2 1]: 0.23163484151731545
START [3 5 2 1 2]: 0.1367041025613265
START [2 4 2 5 0]: 0.044952943728610514
START [3 4 2 1 3]: 0.03903094633612203
START [3 3 2 4 1]: 0.09294034950719825
START [3 4 2 2 2]: 0.0789443793015387
START [2 3 2 5 1]: 0.05479960757475917
START [3 3 2 5 0]: 0.034496116865223886
START [2 5 1 5 0]: 0.0
START [3 3 2 3 2]: 0.08838895555187005
START [3 2 2 4 2]: 0.07641198350208844
START [3 1 2 5 2]: 0.026217540688425685
START [3 3 2 2 3]: 0.06708835117188164
START [2 5 1 4 1]: 0.039078945396373195
START [3 5 1 4 0]: 0.09887370205168228
START [3 2 2 5 1]: 0.03940388222617426
START [3 5 1 2 2]: 0.1375943018841074
START [3 4 1 4 1]: 0.05584879439280228
START [2 5 1 3 2]: 0.04779447610745861
START [2 4 1 5 1]: 0.03530001806724061
START [1 5 1 5 1]: 0.0
START [2 4 1 4 2]: 0.16151584678471825
START [3 5 1 3 1]: 0.1752861433973218
START [3 4 1 5 0]: 0.019369139511466713
START [3 4 1 2 3]: 0.0384951682875064
START [3 3 1 4 2]: 0.05705250391089123
START [3 4 1 3 2]: 0.06116498346341001
START [3 5 0 4 1]: 0.09556010713380467
START [3 5 0 3 2]: 0.12092038650280537
START [3 3 1 3 3]: 0.05930670444938441
START [3 3 1 5 1]: 0.030543823068224958
START [3 2 1 5 2]: 0.024522272700488037
START [3 4 0 5 1]: 0.018067127276473506
START [3 4 0 3 3]: 0.03514300974376911
START [2 5 0 4 2]: 0.016119413256294804
START [3 4 0 4 2]: 0.03312509469976793
START [3 3 0 5 2]: 0.02047171209563305
START [2 5 0 5 1]: 0.0
START [1 3 7 1 0]: 0.3449784727265158
START [0 4 7 1 0]: 0.41005188706265355
START [1 2 7 2 0]: 0.3387473740064537
START [1 4 7 0 0]: 0.3817203037480875
START [1 3 7 0 1]: 0.31623915195225116
START [0 5 7 0 0]: 0.3351461801645252
START [2 3 7 0 0]: 0.3105711829381819
START [2 2 7 1 0]: 0.34832787167896356
START [0 3 7 2 0]: 0.33924946421695823
START [1 2 7 1 1]: 0.3388711460618486
START [3 1 7 1 0]: 0.3759085950536459
START [3 2 7 0 0]: 0.3144734805547026
START [2 1 7 1 1]: 0.33679060975051595
START [3 1 7 0 1]: 0.3004197842587851
START [2 2 7 0 1]: 0.2948719010219949
START [1 1 7 3 0]: 0.3513978397373457
START [2 1 7 0 2]: 0.2856837729261184
START [2 1 7 2 0]: 0.3469570576233228
START [2 0 7 2 1]: 0.3085138752474644
START [1 0 7 4 0]: 0.3776973733846692
START [0 4 6 2 0]: 0.9875377159648254
START [2 0 7 3 0]: 0.27760354090517375
START [2 4 6 0 0]: 0.7998661341893224
START [3 0 7 0 2]: 0.1714085085366683
START [0 5 6 1 0]: 0.3763126929005851
START [1 4 6 1 0]: 1.0146764891169227
START [3 0 7 1 1]: 0.32113887775075206
START [3 0 7 2 0]: 0.33378134055134984
START [1 5 6 0 0]: 0.3014770368281816
START [2 3 6 1 0]: 0.922707225451321
START [1 4 6 0 1]: 0.957276312543762
START [1 3 6 2 0]: 0.9856371881665146
START [1 3 6 1 1]: 0.9846525318135092
START [2 3 6 0 1]: 0.8226564866469638
START [2 2 6 1 1]: 0.9658686371018391
START [0 3 6 3 0]: 0.8973292361849452
START [1 2 6 3 0]: 0.973588230885689
START [2 2 6 2 0]: 0.9622754337490262
START [1 2 6 2 1]: 1.0091858457464797
START [2 1 6 2 1]: 0.9527884146325223
START [3 2 6 1 0]: 0.3225611045307467
START [3 3 6 0 0]: 0.2257396237894446
START [2 1 6 3 0]: 0.8132272986348871
START [2 2 6 0 2]: 0.7364929402624949
START [3 1 6 1 1]: 0.30867107856693726
START [2 1 6 1 2]: 0.8517909114737445
START [3 2 6 0 1]: 0.2656911736461731
START [1 0 6 5 0]: 0.3101998076105251
START [2 0 6 3 1]: 0.768649757150984
START [2 0 6 4 0]: 0.6553264415240692
START [1 1 6 4 0]: 0.987999200309156
START [3 1 6 2 0]: 0.30873737330080353
START [3 0 6 3 0]: 0.19839544409718157
START [3 1 6 0 2]: 0.1680071778049565
START [3 0 6 0 3]: 0.02816899217165597
START [3 0 6 1 2]: 0.174424090191578
START [3 0 6 2 1]: 0.2572609140813664
START [1 4 5 2 0]: 0.7377471022336639
START [1 5 5 0 1]: 0.14726891253458424
START [2 4 5 1 0]: 0.6829671741783755
START [0 5 5 2 0]: 0.17790648898668873
START [2 5 5 0 0]: 0.15013906262881688
START [0 4 5 3 0]: 0.6495545276436631
START [3 4 5 0 0]: 0.15299765141900074
START [2 4 5 0 1]: 0.569522116883042
START [1 3 5 3 0]: 0.6551585915064329
START [2 3 5 2 0]: 0.6514578607425272
START [1 5 5 1 0]: 0.17937073981471655
START [1 3 5 2 1]: 0.7087929372269547
START [2 3 5 1 1]: 0.6539163248244535
START [2 3 5 0 2]: 0.43765039757650087
START [1 4 5 1 1]: 0.7987709608160518
START [3 3 5 0 1]: 0.1451869092315699
START [2 2 5 2 1]: 0.6864619538334586
START [1 2 5 4 0]: 0.7697793304359616
START [3 2 5 1 1]: 0.18533529725754086
START [3 2 5 0 2]: 0.13373647637227656
START [2 2 5 3 0]: 0.6124581268093743
START [1 1 5 5 0]: 0.17305615354332912
START [2 2 5 1 2]: 0.6114782485371373
START [2 1 5 3 1]: 0.62888212289692
START [3 3 5 1 0]: 0.171333185190465
START [3 2 5 2 0]: 0.1930227571789318
START [2 0 5 5 0]: 0.09860255783176111
START [2 1 5 4 0]: 0.5945002582841111
START [3 1 5 3 0]: 0.15126135030833798
START [3 1 5 1 2]: 0.15847218952149444
START [3 0 5 3 1]: 0.13566745267168256
START [2 0 5 4 1]: 0.5102633295390762
START [1 5 4 2 0]: 0.11843155274278014
START [3 0 5 2 2]: 0.14068460985767312
START [0 5 4 3 0]: 0.10472369486770096
START [3 0 5 4 0]: 0.08563426846124703
START [3 5 4 0 0]: 0.18484763451165953
START [3 1 5 0 3]: 0.049210073934533145
START [1 5 4 1 1]: 0.12046926965229489
START [0 4 4 4 0]: 0.5209689073326048
START [2 4 4 2 0]: 0.5016995542110876
START [3 1 5 2 1]: 0.18364889654625444
START [2 4 4 1 1]: 0.4933163113510253
START [1 4 4 3 0]: 0.5104907444287843
START [2 5 4 0 1]: 0.10664768595684555
START [2 5 4 1 0]: 0.13821468140983634
START [3 4 4 1 0]: 0.15814856880716835
START [1 4 4 2 1]: 0.5644521285543701
START [1 3 4 4 0]: 0.5207413838996355
START [2 3 4 3 0]: 0.4563629142825601
START [2 3 4 2 1]: 0.4837022206809709
START [3 4 4 0 1]: 0.12804937942239117
START [1 3 4 3 1]: 0.48882667927484663
START [3 2 4 3 0]: 0.13924302308233077
START [2 4 4 0 2]: 0.2968162668127666
START [1 2 4 5 0]: 0.11570237233166195
START [3 3 4 2 0]: 0.14931681180838435
START [2 3 4 1 2]: 0.3745327095960418
START [3 3 4 0 2]: 0.1079310230483883
START [2 2 4 4 0]: 0.49822895500842007
START [2 2 4 3 1]: 0.46628492620678624
START [3 3 4 1 1]: 0.14001147911674752
START [3 2 4 2 1]: 0.15404037920702382
START [2 2 4 2 2]: 0.4520596569481917
START [3 2 4 0 3]: 0.07038872067116947
START [2 1 4 4 1]: 0.45784417182668113
START [3 2 4 1 2]: 0.1408782436835511
START [3 0 4 5 0]: 0.035541518957461674
START [3 1 4 4 0]: 0.10204086256623078
START [3 0 4 4 1]: 0.09158530225536793
START [2 1 4 5 0]: 0.09965019299424614
START [2 0 4 5 1]: 0.083187339886152
START [3 1 4 1 3]: 0.07253926971630827
START [3 1 4 2 2]: 0.14307962138849742
START [0 5 3 4 0]: 0.08561175094975643
START [3 0 4 3 2]: 0.10783214600424627
START [1 5 3 3 0]: 0.09286251564676137
START [3 1 4 3 1]: 0.13747421961152295
START [3 5 3 0 1]: 0.2144142856918507
START [2 5 3 2 0]: 0.12504921364580168
START [3 5 3 1 0]: 0.24345645859694495
START [1 5 3 2 1]: 0.10269256921724979
START [1 4 3 4 0]: 0.47231931046336956
START [2 4 3 2 1]: 0.43181802555993826
START [2 5 3 1 1]: 0.11736240815572657
START [2 5 3 0 2]: 0.07123040555140556
START [1 4 3 3 1]: 0.46176012622724755
START [2 4 3 1 2]: 0.30107306374901033
START [3 4 3 2 0]: 0.15153692316620399
START [3 4 3 1 1]: 0.1463620081007984
START [3 4 3 0 2]: 0.08270669935538383
START [2 4 3 3 0]: 0.4101682483948967
START [2 3 3 2 2]: 0.35671864873944575
START [2 3 3 4 0]: 0.4307468456240846
START [2 3 3 3 1]: 0.41058169199496686
START [3 3 3 1 2]: 0.11769173287753455
START [3 3 3 3 0]: 0.12968874219818405
START [2 2 3 4 1]: 0.42752496641599497
START [3 2 3 3 1]: 0.13575802156121758
START [3 3 3 2 1]: 0.13759349262110515
START [1 3 3 5 0]: 0.0895522837500472
START [3 2 3 1 3]: 0.0869979190598416
START [3 2 3 2 2]: 0.1380097531739287
START [2 2 3 5 0]: 0.08633749941581265
START [3 2 3 4 0]: 0.11797842411221601
START [3 3 3 0 3]: 0.06859656242910189
START [3 1 3 3 2]: 0.11423693686458315
START [1 5 2 4 0]: 0.08027822714549258
START [3 0 3 5 1]: 0.040720505804347544
START [3 0 3 4 2]: 0.07653496208683601
START [3 1 3 5 0]: 0.04539117353542299
START [3 1 3 4 1]: 0.11005030238674589
START [2 1 3 5 1]: 0.0897330566719832
START [2 5 2 2 1]: 0.11801799548190017
START [2 5 2 3 0]: 0.09616070614519383
START [3 5 2 1 1]: 0.24566205552785866
START [2 4 2 4 0]: 0.37526826244987466
START [3 5 2 2 0]: 0.25878401192743056
START [1 4 2 5 0]: 0.07643019708889759
START [1 5 2 3 1]: 0.08601660957166787
START [2 4 2 2 2]: 0.32201476372035504
START [2 5 2 1 2]: 0.08290188255305965
START [1 4 2 4 1]: 0.43067548909973974
START [3 4 2 2 1]: 0.14033002075573955
START [3 4 2 3 0]: 0.117727289069552
START [2 4 2 3 1]: 0.38653160634534245
START [2 3 2 5 0]: 0.06758852994462204
START [0 5 2 5 0]: 0.0
START [3 4 2 1 2]: 0.08961246174827833
START [3 5 2 0 2]: 0.13671047529577576
START [2 3 2 3 2]: 0.33663157413845907
START [3 3 2 4 0]: 0.11099397272367359
START [3 3 2 3 1]: 0.12506977315820528
START [2 3 2 4 1]: 0.38400662266201696
START [3 4 2 0 3]: 0.03937425549720428
START [3 3 2 2 2]: 0.11753521671208489
START [3 3 2 1 3]: 0.0710005232153088
START [3 2 2 4 1]: 0.11572325673939579
START [3 1 2 4 2]: 0.08812741505853075
START [2 2 2 5 1]: 0.08214656855333947
START [3 0 2 5 2]: 0.026875412849849695
START [1 5 1 5 0]: 0.0
START [3 2 2 3 2]: 0.111609280536539
START [3 2 2 2 3]: 0.08869655084969985
START [3 2 2 5 0]: 0.04643075240495727
START [2 5 1 4 0]: 0.054811823061618005
START [3 1 2 5 1]: 0.043894867188182494
START [1 5 1 4 1]: 0.06472568213928372
START [2 5 1 3 1]: 0.0863709234378478
START [3 5 1 2 1]: 0.23825564766150092
START [2 4 1 4 1]: 0.3510053918099668
START [2 4 1 3 2]: 0.3015371677056499
START [3 5 1 3 0]: 0.188675355069842
START [2 5 1 2 2]: 0.07727659095619015
START [3 5 1 1 2]: 0.14209433577983477
START [3 4 1 3 1]: 0.10416000401095364
START [3 3 1 4 1]: 0.09817788097021968
START [3 4 1 4 0]: 0.07224210904148871
START [3 4 1 2 2]: 0.08324717848140648
START [3 3 1 3 2]: 0.09130477801387275
START [3 4 1 1 3]: 0.039246756990651326
START [2 4 1 5 0]: 0.05507200320068306
START [2 3 1 5 1]: 0.06052851395904255
START [3 3 1 2 3]: 0.06813432774293007
START [3 1 1 5 2]: 0.02678886007306478
START [3 3 1 5 0]: 0.03489093145988245
START [3 2 1 5 1]: 0.03993478232425181
START [3 5 0 3 1]: 0.17571795969779408
START [3 2 1 4 2]: 0.08011621693140741
START [2 5 0 3 2]: 0.048809565260398285
START [2 5 0 5 0]: 0.0
START [2 5 0 4 1]: 0.04109863054807998
START [3 4 0 4 1]: 0.05718921628625781
START [3 4 0 5 0]: 0.0193778735034568
START [3 5 0 4 0]: 0.09900615652001216
START [2 4 0 4 2]: 0.19379615684178012
START [3 5 0 2 2]: 0.13816164736397277
START [3 4 0 3 2]: 0.061876255015393525
START [3 3 0 5 1]: 0.03056530519719563
START [3 4 0 2 3]: 0.038568143577999155
START [1 5 0 5 1]: 0.0
START [2 4 0 5 1]: 0.03771344115013893
START [3 3 0 4 2]: 0.05772473378201465
START [3 3 0 3 3]: 0.05958985978012175
START [3 2 0 5 2]: 0.024545439478967538
START [1 1 7 2 0]: 0.40185351205538467
START [1 2 7 0 1]: 0.375676490770789
START [0 3 7 1 0]: 0.4126416453142067
START [1 2 7 1 0]: 0.39421468283645084
START [2 2 7 0 0]: 0.3935940989255258
START [0 2 7 2 0]: 0.389910306503774
START [2 1 7 1 0]: 0.42623375241003325
START [0 4 7 0 0]: 0.5006085752807379
START [1 3 7 0 0]: 0.40107694413305167
START [2 1 7 0 1]: 0.3779664272255185
START [1 0 7 3 0]: 0.39660843556579833
START [3 1 7 0 0]: 0.3952959794466249
START [2 0 7 2 0]: 0.3957992379081341
START [1 1 7 1 1]: 0.391862387259398
START [3 0 7 0 1]: 0.33140678330352985
START [1 4 6 0 0]: 1.0610153486932559
START [2 0 7 0 2]: 0.3507010557373177
START [2 0 7 1 1]: 0.39068720798832984
START [0 4 6 1 0]: 1.1007234292801955
START [3 0 7 1 0]: 0.41596864189475685
START [0 3 6 2 0]: 1.056441285761
START [2 3 6 0 0]: 0.9611969103709582
START [0 5 6 0 0]: 0.4531492763343372
START [1 3 6 1 0]: 1.0711363337906454
START [2 2 6 1 0]: 1.0650864948395542
START [2 2 6 0 1]: 0.9982963361117647
START [1 3 6 0 1]: 1.023886136635346
START [1 2 6 2 0]: 1.073130899358893
START [1 2 6 1 1]: 1.0729931713125185
START [3 2 6 0 0]: 0.35837175132732163
START [2 1 6 2 0]: 1.0194696504142804
START [1 1 6 3 0]: 1.0432600439833803
START [2 1 6 0 2]: 0.8775613271883683
START [1 0 6 4 0]: 1.024451538792765
START [2 1 6 1 1]: 1.050984362117155
START [3 1 6 0 1]: 0.34793112754847594
START [2 0 6 3 0]: 0.8355380821087329
START [3 1 6 1 0]: 0.4101314835555484
START [0 5 5 1 0]: 0.24434234471912433
START [3 0 6 1 1]: 0.3495440547011418
START [3 0 6 2 0]: 0.34853561841452085
START [1 5 5 0 0]: 0.21171609454931642
START [2 4 5 0 0]: 0.7492450551932794
START [2 0 6 2 1]: 0.9830678289555105
START [0 4 5 2 0]: 0.8602970013962655
START [3 0 6 0 2]: 0.19496970979030936
START [1 4 5 0 1]: 0.8594399097020196
START [0 3 5 3 0]: 0.7414474507800641
START [1 3 5 2 0]: 0.8099913472492908
START [1 4 5 1 0]: 0.9051162395967851
START [2 3 5 1 0]: 0.8126053144533995
START [1 2 5 3 0]: 0.7993559243252916
START [3 3 5 0 0]: 0.18468010239839186
START [1 3 5 1 1]: 0.8248349379751752
START [2 3 5 0 1]: 0.7043111957148191
START [2 2 5 2 0]: 0.7864158650430136
START [1 2 5 2 1]: 0.8249861522910411
START [2 2 5 0 2]: 0.639029331529836
START [2 2 5 1 1]: 0.8058569881225451
START [1 1 5 4 0]: 0.895799853099543
START [3 2 5 1 0]: 0.228549617648537
START [2 1 5 2 1]: 0.7895081014442803
START [3 1 5 2 0]: 0.22747172005838134
START [2 0 5 4 0]: 0.6172849940089078
START [3 2 5 0 1]: 0.1959667444138726
START [2 1 5 1 2]: 0.7723556185426836
START [2 1 5 3 0]: 0.72836464790813
START [3 1 5 1 1]: 0.2309946824168371
START [3 1 5 0 2]: 0.1644421281396872
START [1 0 5 5 0]: 0.20572640229556974
START [2 0 5 3 1]: 0.6694976012311011
START [3 0 5 3 0]: 0.16171156862978275
START [3 0 5 2 1]: 0.2008330497943576
START [3 0 5 0 3]: 0.04922098461451648
START [1 4 4 2 0]: 0.6409088917579289
START [3 0 5 1 2]: 0.17483204060967206
START [0 4 4 3 0]: 0.6027006459573886
START [1 5 4 1 0]: 0.15122963171860287
START [1 5 4 0 1]: 0.13501423627858364
START [3 4 4 0 0]: 0.17007262732002523
START [2 5 4 0 0]: 0.15499382793152672
START [2 4 4 1 0]: 0.6435651667921134
START [0 5 4 2 0]: 0.142064534931168
START [2 4 4 0 1]: 0.5341262639931337
START [1 4 4 1 1]: 0.6755541450860454
START [1 3 4 3 0]: 0.567559454886116
START [1 3 4 2 1]: 0.5940557969956793
START [2 3 4 0 2]: 0.4125866808444204
START [2 3 4 1 1]: 0.5815993624445186
START [2 3 4 2 0]: 0.5639764141920242
START [2 2 4 3 0]: 0.5460720890247124
START [3 3 4 1 0]: 0.17104589460832723
START [1 2 4 4 0]: 0.6745564278202484
START [3 2 4 2 0]: 0.17314481510241514
START [2 2 4 2 1]: 0.5741841889597197
START [3 3 4 0 1]: 0.1438415191571965
START [2 2 4 1 2]: 0.5418891438802258
START [3 2 4 0 2]: 0.14439027457643264
START [2 1 4 4 0]: 0.5740860305601959
START [1 1 4 5 0]: 0.14414581186817368
START [2 1 4 3 1]: 0.5453520182220262
START [3 1 4 0 3]: 0.07270660823462576
START [3 1 4 3 0]: 0.1549527192960862
START [3 2 4 1 1]: 0.17232210160279984
START [3 1 4 1 2]: 0.16752853661275707
START [2 0 4 4 1]: 0.4937768233371252
START [3 0 4 4 0]: 0.10518457602890201
START [3 1 4 2 1]: 0.17721377429563623
START [3 0 4 3 1]: 0.14499612958661587
START [3 0 4 2 2]: 0.15129602539838974
START [2 5 3 1 0]: 0.15575599249891792
START [1 5 3 2 0]: 0.12229288043241339
START [2 0 4 5 0]: 0.10962684669711388
START [2 5 3 0 1]: 0.12298849590412811
START [1 4 3 3 0]: 0.529618069162042
START [1 5 3 1 1]: 0.12487127312173546
START [0 4 3 4 0]: 0.5593754099207121
START [2 4 3 2 0]: 0.5087485511207356
START [2 4 3 1 1]: 0.5017853939574625
START [1 4 3 2 1]: 0.5526795559410028
START [0 5 3 3 0]: 0.1082352735166327
START [3 5 3 0 0]: 0.244936424254854
START [3 4 3 0 1]: 0.15243396003992568
START [2 4 3 0 2]: 0.3337270774473022
START [3 4 3 1 0]: 0.18562440529489288
START [2 3 3 3 0]: 0.4840536097584352
START [1 3 3 3 1]: 0.491339783383069
START [1 3 3 4 0]: 0.5394444286254588
START [3 3 3 0 2]: 0.12096776831090446
START [3 3 3 1 1]: 0.14864516349127785
START [2 3 3 1 2]: 0.4107480557339755
START [1 2 3 5 0]: 0.11581873559223449
START [2 3 3 2 1]: 0.48784124141782664
START [2 2 3 4 0]: 0.5223524939713245
START [3 3 3 2 0]: 0.16133217077449102
START [2 2 3 3 1]: 0.47960317216375015
START [3 2 3 2 1]: 0.16168166254454758
START [3 2 3 3 0]: 0.15024328970754866
START [2 2 3 2 2]: 0.454796896698542
START [3 1 3 4 0]: 0.12807287081023427
START [3 2 3 0 3]: 0.08803783355401039
START [3 2 3 1 2]: 0.15868202774396778
START [2 1 3 4 1]: 0.4799903611779464
START [2 1 3 5 0]: 0.10916078661078195
START [3 1 3 1 3]: 0.09363693899612392
START [3 1 3 3 1]: 0.14673121079171225
START [3 0 3 3 2]: 0.11803071832698322
START [0 5 2 4 0]: 0.10225004475362656
START [3 1 3 2 2]: 0.15498096970190758
START [3 0 3 4 1]: 0.11344204260149575
START [1 5 2 3 0]: 0.10336648045845155
START [2 5 2 0 2]: 0.08764251754225738
START [3 5 2 1 0]: 0.2962783327569627
START [3 5 2 0 1]: 0.24601517443060802
START [3 0 3 5 0]: 0.04609616629029239
START [2 5 2 2 0]: 0.14413490385393996
START [2 4 2 3 0]: 0.46051558851749785
START [1 5 2 2 1]: 0.11103469495950893
START [1 4 2 4 0]: 0.5202111201895863
START [2 5 2 1 1]: 0.13556475839213755
START [2 0 3 5 1]: 0.09943753955804412
START [3 4 2 1 1]: 0.1636366088825057
START [2 4 2 1 2]: 0.36865869343770374
START [1 4 2 3 1]: 0.4837418764860069
START [3 3 2 2 1]: 0.14862215272982257
START [3 3 2 3 0]: 0.14203036630786922
START [3 4 2 0 2]: 0.0942403113416638
START [2 3 2 3 1]: 0.44068688449500254
START [2 3 2 2 2]: 0.4049912662454955
START [2 3 2 4 0]: 0.47223091597231054
START [2 2 2 5 0]: 0.09468091547754762
START [1 3 2 5 0]: 0.09771368394921379
START [3 4 2 2 0]: 0.16739924648324764
START [2 4 2 2 1]: 0.4760737952374831
START [3 3 2 1 2]: 0.12910834152766607
START [2 2 2 4 1]: 0.46439995797736344
START [3 2 2 3 1]: 0.14788120418342382
START [3 2 2 4 0]: 0.13659334310036234
START [3 2 2 2 2]: 0.14672797858059275
START [3 1 2 3 2]: 0.12490263717903485
START [3 2 2 1 3]: 0.09699211192414434
START [2 1 2 5 1]: 0.10194843659141092
START [3 3 2 0 3]: 0.07231327893547086
START [3 0 2 4 2]: 0.09170334794154944
START [3 1 2 4 1]: 0.12977235615047208
START [0 5 1 5 0]: 0.0
START [3 0 2 5 1]: 0.04591745376808215
START [2 5 1 3 0]: 0.10671769504056787
START [3 5 1 1 1]: 0.2664738250830911
START [3 1 2 5 0]: 0.05258261484878337
START [1 5 1 4 0]: 0.09202369859587249
START [3 5 1 2 0]: 0.2751058999178518
START [1 5 1 3 1]: 0.09473761316923257
START [2 5 1 2 1]: 0.13076697245962218
START [3 5 1 0 2]: 0.14217635846607146
START [2 5 1 1 2]: 0.09517188953328733
START [2 4 1 2 2]: 0.38865438313163053
START [2 4 1 4 0]: 0.43037950583904233
START [1 4 1 4 1]: 0.49751156481588166
START [3 4 1 0 3]: 0.039628147073960354
START [2 4 1 3 1]: 0.45109211608311234
START [2 3 1 4 1]: 0.4490892467226286
START [2 3 1 3 2]: 0.4012259726151569
START [1 4 1 5 0]: 0.08430295600501653
START [3 4 1 3 0]: 0.1266479165278607
START [2 3 1 5 0]: 0.076839177534518
START [3 4 1 1 2]: 0.09812109327043295
START [3 4 1 2 1]: 0.149867137202924
START [3 2 1 4 1]: 0.12610301155974588
START [3 3 1 3 1]: 0.1316271207805449
START [2 2 1 5 1]: 0.09019517215468591
START [3 2 1 2 3]: 0.09189846775522566
START [3 3 1 4 0]: 0.12036231425792758
START [3 3 1 2 2]: 0.12358843660543024
START [3 3 1 1 3]: 0.0723953456958744
START [2 5 0 4 0]: 0.060201563034707105
START [3 2 1 3 2]: 0.11853566649187186
START [3 2 1 5 0]: 0.04819909718466325
START [1 5 0 4 1]: 0.06937556444872271
START [3 1 1 4 2]: 0.09850943598498248
START [3 0 1 5 2]: 0.027744844686046058
START [3 5 0 3 0]: 0.18994321672346282
START [3 1 1 5 1]: 0.046185654292234604
START [3 5 0 1 2]: 0.14480731079846948
START [1 5 0 5 0]: 0.0
START [2 5 0 2 2]: 0.08170857097278834
START [2 4 0 4 1]: 0.4159161535586554
START [3 4 0 4 0]: 0.07672387641713989
START [2 4 0 5 0]: 0.06459701074452538
START [2 4 0 3 2]: 0.3490179947301444
START [2 5 0 3 1]: 0.09038078039913669
START [3 4 0 3 1]: 0.10699340469395534
START [3 5 0 2 1]: 0.24022068061014207
START [3 4 0 2 2]: 0.08588106702314967
START [3 3 0 5 0]: 0.03497479702648584
START [3 3 0 2 3]: 0.06856862957879636
START [2 3 0 5 1]: 0.06524704403524093
START [3 2 0 4 2]: 0.08220684241353395
START [3 4 0 1 3]: 0.039335461153796956
START [3 3 0 3 2]: 0.09347095919292332
START [3 3 0 4 1]: 0.10133857856306913
START [3 1 0 5 2]: 0.02688820476192604
START [3 2 0 5 1]: 0.040061842779635704
START [0 3 7 0 0]: 0.48481903584153324
START [1 1 7 0 1]: 0.44251042173721505
START [2 0 7 1 0]: 0.4971797611263639
START [0 2 7 1 0]: 0.4552183857936149
START [0 4 6 0 0]: 1.1625824669955276
START [1 2 7 0 0]: 0.44941483704595736
START [2 1 7 0 0]: 0.48498797712298014
START [1 1 7 1 0]: 0.4560534873278519
START [1 3 6 0 0]: 1.1184175829268
START [1 0 7 2 0]: 0.45671152933282655
START [1 2 6 1 0]: 1.144165450372008
START [2 0 7 0 1]: 0.45262136461784624
START [0 3 6 1 0]: 1.1396914106582343
START [2 2 6 0 0]: 1.1029867454323976
START [1 2 6 0 1]: 1.1096018430939492
START [3 0 7 0 0]: 0.4575845606133232
START [1 1 6 1 1]: 1.1368597289818365
START [2 1 6 1 0]: 1.1372913495879018
START [1 0 6 3 0]: 1.0820230753306508
START [0 2 6 2 0]: 1.1418157085122356
START [1 1 6 2 0]: 1.1273367239468806
START [2 0 6 2 0]: 1.0545989293245708
START [2 1 6 0 1]: 1.0924577328167673
START [3 0 6 0 1]: 0.40794747325115904
START [3 1 6 0 0]: 0.4835549661488629
START [3 0 6 1 0]: 0.4754868473683409
START [2 0 6 0 2]: 0.9066764740301624
START [2 0 6 1 1]: 1.090611202385302
START [1 3 5 1 0]: 0.9536069127235021
START [0 4 5 1 0]: 1.0022893745826982
START [0 3 5 2 0]: 0.9143053201423159
START [1 4 5 0 0]: 0.984442047049919
START [2 3 5 0 0]: 0.8797234638378847
START [2 2 5 1 0]: 0.9283599177724552
START [2 2 5 0 1]: 0.8617190186034787
START [0 5 5 0 0]: 0.2965603644160448
START [1 3 5 0 1]: 0.8924263431441638
START [1 2 5 1 1]: 0.9220312955984215
START [1 1 5 3 0]: 0.9168637357383399
START [3 2 5 0 0]: 0.2526412185988405
START [1 2 5 2 0]: 0.9080582972437601
START [2 1 5 2 0]: 0.8803114147053535
START [3 1 5 1 0]: 0.2893709807438396
START [2 1 5 0 2]: 0.8048612644919433
START [1 0 5 4 0]: 0.9512629812134391
START [2 0 5 3 0]: 0.772683583671411
START [3 0 5 2 0]: 0.25340638135577265
START [2 0 5 2 1]: 0.8491762001877682
START [3 0 5 1 1]: 0.2595257766573974
START [2 1 5 1 1]: 0.9275522583111444
START [3 0 5 0 2]: 0.1882276054823256
START [1 5 4 0 0]: 0.18016053232630647
START [0 3 4 3 0]: 0.656112508279949
START [0 4 4 2 0]: 0.7616452418763177
START [3 1 5 0 1]: 0.25367414880185807
START [2 4 4 0 0]: 0.7292415831812636
START [1 4 4 1 0]: 0.7901499920972889
START [1 3 4 2 0]: 0.6780531405131288
START [1 4 4 0 1]: 0.7428301215762508
START [3 3 4 0 0]: 0.18203561692612993
START [2 3 4 1 0]: 0.705855137562824
START [0 5 4 1 0]: 0.18159830415638842
START [2 2 4 2 0]: 0.6696262398594934
START [1 2 4 3 0]: 0.6790378015443533
START [2 3 4 0 1]: 0.6216603084700121
START [1 3 4 1 1]: 0.691169559423243
START [3 2 4 1 0]: 0.1986112204302218
START [2 2 4 1 1]: 0.6698412377912211
START [1 2 4 2 1]: 0.667427580721806
START [2 1 4 3 0]: 0.6447805027204194
START [2 2 4 0 2]: 0.5819868181297134
START [3 1 4 0 2]: 0.17397586243779128
START [3 2 4 0 1]: 0.18147299024545904
START [2 1 4 2 1]: 0.6681984806827889
START [3 0 4 3 0]: 0.1660244563038083
START [2 1 4 1 2]: 0.6898997039962134
START [2 0 4 4 0]: 0.6064700687514398
START [1 1 4 4 0]: 0.7927024649386134
START [2 0 4 3 1]: 0.5846589281272025
START [1 0 4 5 0]: 0.16658238761154395
START [3 1 4 2 0]: 0.20052398369539273
START [3 1 4 1 1]: 0.20381400574268912
START [3 0 4 2 1]: 0.19234584453806722
START [3 0 4 0 3]: 0.07287439931139827
START [3 0 4 1 2]: 0.1827726270579169
START [2 4 3 1 0]: 0.6247181801016551
START [1 4 3 1 1]: 0.6440638545289981
START [2 5 3 0 0]: 0.17404894407234198
START [1 4 3 2 0]: 0.612569348238876
START [1 5 3 1 0]: 0.1516984323848851
START [0 5 3 2 0]: 0.13612325986313956
START [0 4 3 3 0]: 0.609596117511526
START [3 4 3 0 0]: 0.20191329898713742
START [2 4 3 0 1]: 0.541246730776479
START [1 3 3 3 0]: 0.5576210494770444
START [1 3 3 2 1]: 0.5608497086382113
START [2 3 3 0 2]: 0.44522696015434005
START [2 3 3 2 0]: 0.5556021662106446
START [1 5 3 0 1]: 0.13752450996157378
START [3 3 3 0 1]: 0.15349808184172553
START [1 2 3 4 0]: 0.6405056457570657
START [2 3 3 1 1]: 0.5554215685640581
START [2 2 3 3 0]: 0.5553454173960227
START [2 2 3 2 1]: 0.5544813246616448
START [2 2 3 1 2]: 0.5308421082989693
START [1 1 3 5 0]: 0.14065255771789142
START [3 3 3 1 0]: 0.1791815065022492
START [2 1 3 4 0]: 0.5806008286468354
START [3 2 3 2 0]: 0.17772877375442153
START [2 1 3 3 1]: 0.5417528893991863
START [3 2 3 0 2]: 0.1643717138616331
START [3 2 3 1 1]: 0.17549705961094378
START [3 1 3 3 0]: 0.16430030960935813
START [3 1 3 0 3]: 0.09497377142484774
START [3 1 3 1 2]: 0.1860779707843177
START [3 0 3 2 2]: 0.16336711253475605
START [2 0 3 4 1]: 0.5147661446352383
START [3 0 3 3 1]: 0.15352831815528595
START [2 0 3 5 0]: 0.12374960306134518
START [3 0 3 4 0]: 0.1343084391980325
START [3 1 3 2 1]: 0.18324838183488143
START [0 5 2 3 0]: 0.11809315272615573
START [1 5 2 2 0]: 0.13127264835779284
START [1 5 2 1 1]: 0.13270800051619153
START [3 5 2 0 0]: 0.30407328288542784
START [2 5 2 1 0]: 0.17869079252221734
START [2 4 2 2 0]: 0.5475380811612712
START [0 4 2 4 0]: 0.6082412548108186
START [2 4 2 0 2]: 0.40079171017413884
START [1 4 2 3 0]: 0.555517528673267
START [2 5 2 0 1]: 0.14229237365289474
START [1 4 2 2 1]: 0.5635464259476447
START [3 4 2 1 0]: 0.20851555456022017
START [2 4 2 1 1]: 0.5438115172903644
START [1 3 2 3 1]: 0.5127090998413396
START [1 3 2 4 0]: 0.5672667957018578
START [3 4 2 0 1]: 0.1737508633292083
START [2 3 2 3 0]: 0.5114932601989998
START [2 3 2 2 1]: 0.5072951419316892
START [2 3 2 1 2]: 0.45346135630742734
START [3 3 2 0 2]: 0.1354600453887577
START [3 3 2 1 1]: 0.16116704887340927
START [1 2 2 5 0]: 0.12048357933387033
START [2 2 2 4 0]: 0.5594829688282238
START [3 3 2 2 0]: 0.17546760968840197
START [2 2 2 3 1]: 0.5032954960383414
START [2 2 2 2 2]: 0.4802534193346749
START [3 2 2 2 1]: 0.1704112933037659
START [3 2 2 0 3]: 0.10038528109820626
START [2 1 2 5 0]: 0.1190520704289553
START [3 2 2 3 0]: 0.16475533965968442
START [2 1 2 4 1]: 0.5282082263939184
START [3 1 2 4 0]: 0.15106615837015258
START [3 0 2 5 0]: 0.05552874626335183
START [3 1 2 1 3]: 0.11010554828785366
START [3 1 2 3 1]: 0.16103544235617726
START [2 0 2 5 1]: 0.11496324253638242
START [3 0 2 3 2]: 0.13031231144812822
START [3 1 2 2 2]: 0.16472951919215995
START [3 5 1 1 0]: 0.3373726438541017
START [3 2 2 1 2]: 0.17195195020076068
START [1 5 1 3 0]: 0.11513311903773465
START [0 5 1 4 0]: 0.1154834008945624
START [3 0 2 4 1]: 0.13617770537546206
START [2 5 1 2 0]: 0.16184743990873526
START [1 4 1 4 0]: 0.577381191323952
START [2 4 1 3 0]: 0.5182456317183632
START [2 5 1 1 1]: 0.1531675381762591
START [2 4 1 2 1]: 0.5345487204686887
START [3 5 1 0 1]: 0.2687681256156377
START [3 4 1 1 1]: 0.17840207937318284
START [2 5 1 0 2]: 0.10394483236944575
START [1 5 1 2 1]: 0.11978910633385383
START [1 4 1 3 1]: 0.5374886873445033
START [2 4 1 1 2]: 0.43885324097969186
START [3 4 1 2 0]: 0.18289778630496875
START [3 4 1 0 2]: 0.10534986725017638
START [2 3 1 3 1]: 0.49518966446623736
START [1 3 1 5 0]: 0.10704056257643407
START [2 3 1 4 0]: 0.5297317141268385
START [2 3 1 2 2]: 0.4599551013673863
START [3 3 1 2 1]: 0.15744171063947784
START [3 3 1 3 0]: 0.1532060024653881
START [3 3 1 1 2]: 0.13868545116554648
START [3 3 1 0 3]: 0.07392817063534712
START [2 2 1 4 1]: 0.5171491946620194
START [3 2 1 4 0]: 0.15162122344291565
START [3 2 1 1 3]: 0.10122749700270701
START [3 2 1 3 1]: 0.15918962112852256
START [2 2 1 5 0]: 0.10416828581176141
START [3 1 1 4 1]: 0.1453115767158697
START [3 2 1 2 2]: 0.1555103476798911
START [3 1 1 5 0]: 0.0575070056684241
START [2 1 1 5 1]: 0.11375704975971582
START [3 1 1 3 2]: 0.13593958917338494
START [3 0 1 5 1]: 0.049010891033200735
START [3 0 1 4 2]: 0.10715847339852909
START [2 5 0 3 0]: 0.11376040977442736
START [1 5 0 3 1]: 0.10265542474133364
START [1 5 0 4 0]: 0.10114529088386856
START [2 5 0 1 2]: 0.10474064553515565
START [1 4 0 5 0]: 0.09171184349828702
START [3 5 0 0 2]: 0.14564699385061247
START [2 5 0 2 1]: 0.13964389391439103
START [3 5 0 1 1]: 0.276951974881043
START [3 5 0 2 0]: 0.2814072808397673
START [0 5 0 5 0]: 0.0
START [1 4 0 4 1]: 0.5741242350088804
START [2 4 0 3 1]: 0.5211542108300861
START [2 4 0 2 2]: 0.46388239609354986
START [2 4 0 4 0]: 0.49496592974969145
START [3 4 0 2 1]: 0.15671885977503258
START [3 4 0 3 0]: 0.1330333162388646
START [2 3 0 4 1]: 0.516925257996748
START [2 3 0 3 2]: 0.47006343303301995
START [3 3 0 4 0]: 0.12641010537360314
START [3 4 0 1 2]: 0.10417668384799302
START [2 3 0 5 0]: 0.08620219202096872
START [3 4 0 0 3]: 0.03973294846996805
START [3 3 0 3 1]: 0.13640780977394404
START [3 3 0 2 2]: 0.12742893414523085
START [3 3 0 1 3]: 0.072972621935542
START [2 2 0 5 1]: 0.09712797986857247
START [3 2 0 3 2]: 0.12422901487710261
START [3 2 0 2 3]: 0.09339287911668609
START [3 1 0 4 2]: 0.10595147507591189
START [3 2 0 4 1]: 0.13440498770815998
START [3 2 0 5 0]: 0.04861796706407047
START [3 1 0 5 1]: 0.046702636064558
START [3 0 0 5 2]: 0.028207452513749315
START [1 1 7 0 0]: 0.5141539150115487
START [0 3 6 0 0]: 1.195335707038191
START [1 0 7 0 1]: 0.5061879096274818
START [2 0 7 0 0]: 0.5739324822539191
START [0 2 7 0 0]: 0.5251458263753297
START [2 1 6 0 0]: 1.192027846655625
START [1 0 7 1 0]: 0.5189889504679321
START [1 1 6 0 1]: 1.1790602745478984
START [1 2 6 0 0]: 1.191054818325775
START [0 1 7 1 0]: 0.5121705324260799
START [2 0 6 1 0]: 1.1857113060120905
START [0 2 6 1 0]: 1.2030232479050271
START [1 1 6 1 0]: 1.199893523865954
START [3 0 6 0 0]: 0.5819589286127177
START [2 0 6 0 1]: 1.1422826151229433
START [1 3 5 0 0]: 1.0224361509824336
START [1 0 6 2 0]: 1.1673973294719786
START [0 4 5 0 0]: 1.073172534680035
START [0 2 5 2 0]: 1.0018778275381965
START [0 3 5 1 0]: 1.0323073725500953
START [1 1 5 2 0]: 0.9951185916066847
START [2 1 5 1 0]: 1.0182298401771506
START [1 2 5 0 1]: 0.9805226257345556
START [2 2 5 0 0]: 0.9859624894858099
START [1 2 5 1 0]: 1.0126792478740998
START [1 1 5 1 1]: 1.0060546455556294
START [2 0 5 2 0]: 0.9349240939620563
START [1 0 5 3 0]: 0.979424725949455
START [2 0 5 0 2]: 0.8739692344761568
START [2 1 5 0 1]: 0.9809858236976933
START [2 0 5 1 1]: 0.9863553462775767
START [1 3 4 1 0]: 0.8121871888881718
START [0 4 4 1 0]: 0.9015096689947671
START [3 0 5 1 0]: 0.3325502316974039
START [1 4 4 0 0]: 0.9017243802977273
START [3 1 5 0 0]: 0.3320267613778327
START [0 3 4 2 0]: 0.7719134785642238
START [3 0 5 0 1]: 0.3011286632549687
START [1 3 4 0 1]: 0.7683685696404864
START [2 3 4 0 0]: 0.8035496528147325
START [0 5 4 0 0]: 0.2215259830546263
START [1 2 4 2 0]: 0.7521238566856696
START [3 2 4 0 0]: 0.2135612255225193
START [2 2 4 1 0]: 0.8015271159530889
START [1 2 4 1 1]: 0.7581769166123133
START [2 2 4 0 1]: 0.73806382433162
START [1 1 4 3 0]: 0.791731614057581
START [2 1 4 2 0]: 0.7624889167164048
START [3 1 4 1 0]: 0.23583501911827373
START [2 1 4 1 1]: 0.7993820522108971
START [3 1 4 0 1]: 0.2200565122558686
START [2 0 4 2 1]: 0.7427878618522825
START [2 1 4 0 2]: 0.7470211359059917
START [3 0 4 2 0]: 0.22076242992947567
START [1 0 4 4 0]: 0.8705230298681783
START [2 0 4 3 0]: 0.6925945808002941
START [3 0 4 0 2]: 0.19462255728495576
START [3 0 4 1 1]: 0.23178896041977598
START [1 4 3 1 0]: 0.7324748053277781
START [1 5 3 0 0]: 0.1767377852835379
START [0 3 3 3 0]: 0.6292375354050834
START [0 4 3 2 0]: 0.7121062776540374
START [1 3 3 2 0]: 0.6250131981423801
START [2 4 3 0 0]: 0.7161005037675127
START [0 5 3 1 0]: 0.16414593367655347
START [1 2 3 3 0]: 0.633301144911283
START [2 3 3 1 0]: 0.6633509938169945
START [3 3 3 0 0]: 0.18802960406882474
START [1 4 3 0 1]: 0.6944065658966158
START [2 3 3 0 1]: 0.5960031986459947
START [1 3 3 1 1]: 0.6428333361896966
START [2 2 3 2 0]: 0.6228455099532954
START [3 2 3 0 1]: 0.18210602297207368
START [1 2 3 2 1]: 0.6152832939379279
START [3 1 3 2 0]: 0.19875506369536933
START [1 1 3 4 0]: 0.745902686853895
START [2 1 3 2 1]: 0.6344913959963118
START [2 2 3 1 1]: 0.6308901138737645
START [2 2 3 0 2]: 0.5688865189085096
START [2 1 3 3 0]: 0.6287757686351475
START [2 1 3 1 2]: 0.6468125360621182
START [3 0 3 3 0]: 0.17338599109053715
START [3 2 3 1 0]: 0.1973546542844128
START [2 0 3 3 1]: 0.5828571638210452
START [2 0 3 4 0]: 0.6134990033221549
START [3 0 3 1 2]: 0.2020982342187223
START [3 1 3 1 1]: 0.2044686054984425
START [1 0 3 5 0]: 0.16023704975758488
START [0 5 2 2 0]: 0.14045126320351223
START [0 4 2 3 0]: 0.6394743846748034
START [3 1 3 0 2]: 0.19962941047405705
START [3 0 3 2 1]: 0.19694872479220216
START [1 5 2 1 0]: 0.16023606876532054
START [2 4 2 1 0]: 0.6482910160985512
START [2 5 2 0 0]: 0.1969172089257551
START [1 4 2 2 0]: 0.6247611174686682
START [2 4 2 0 1]: 0.5783187282945691
START [3 3 2 1 0]: 0.19586235514237435
START [1 4 2 1 1]: 0.6405177574691391
START [3 0 3 0 3]: 0.09626300983176386
START [1 3 2 3 0]: 0.5776925426924258
START [2 3 2 2 0]: 0.5712204902717405
START [2 3 2 1 1]: 0.5714534941903553
START [1 3 2 2 1]: 0.5668395651343779
START [1 5 2 0 1]: 0.145205540474695
START [3 4 2 0 0]: 0.23488401591914063
START [2 3 2 0 2]: 0.48768797789547674
START [2 2 2 3 0]: 0.5723621755959827
START [3 3 2 0 1]: 0.1670912118764734
START [2 2 2 2 1]: 0.5657188523674992
START [2 2 2 1 2]: 0.558272405484356
START [3 2 2 2 0]: 0.1861767020072031
START [1 1 2 5 0]: 0.1452276884606736
START [1 2 2 4 0]: 0.6545300460743099
START [2 1 2 3 1]: 0.5649139208407404
START [3 1 2 1 2]: 0.1990699044502893
START [2 1 2 4 0]: 0.6198815645316369
START [3 1 2 2 1]: 0.19043933951993616
START [3 1 2 3 0]: 0.1783772817059261
START [3 2 2 0 2]: 0.18351849563060132
START [3 2 2 1 1]: 0.18512419451612944
START [2 0 2 5 0]: 0.13656705964141314
START [2 0 2 4 1]: 0.5603276834054537
START [3 0 2 4 0]: 0.15928165684236625
START [0 5 1 3 0]: 0.1294816035724215
START [3 1 2 0 3]: 0.11467246867627108
START [3 0 2 3 1]: 0.16941750731246372
START [2 5 1 1 0]: 0.20255486577821516
START [1 5 1 2 0]: 0.14239290771722904
START [2 5 1 0 1]: 0.1627328803706534
START [3 5 1 0 0]: 0.35445650205655543
START [0 4 1 4 0]: 0.6607947059842995
START [2 4 1 2 0]: 0.5966507645489875
START [1 4 1 3 0]: 0.6007205082038115
START [3 4 1 1 0]: 0.2317454741867964
START [3 4 1 0 1]: 0.19256655319881605
START [3 0 2 2 2]: 0.17387307112931616
START [2 4 1 0 2]: 0.4718684366733777
START [1 3 1 3 1]: 0.543931688959493
START [2 3 1 3 0]: 0.561331419064056
START [1 5 1 1 1]: 0.14171135620556488
START [2 3 1 1 2]: 0.5170990559745743
START [2 4 1 1 1]: 0.6034400694597828
START [2 3 1 2 1]: 0.547956999514135
START [1 2 1 5 0]: 0.12856379152023498
START [3 3 1 1 1]: 0.17382004647318355
START [3 2 1 3 0]: 0.1767208273611738
START [2 2 1 3 1]: 0.5408969057717787
START [1 3 1 4 0]: 0.6136851641708664
START [2 2 1 4 0]: 0.6028643318088336
START [1 4 1 2 1]: 0.5973482339262821
START [3 3 1 2 0]: 0.18759756878180453
START [3 2 1 2 1]: 0.18067640500053433
START [3 3 1 0 2]: 0.14790622765567824
START [3 2 1 1 2]: 0.18419995311552723
START [2 2 1 2 2]: 0.5237668268008483
START [2 1 1 4 1]: 0.5770976546848217
START [2 1 1 5 0]: 0.13040611261475998
START [3 1 1 3 1]: 0.17471683734908972
START [3 1 1 4 0]: 0.1695734581743662
START [3 2 1 0 3]: 0.10567785961956962
START [3 0 1 4 1]: 0.15876115551406153
START [3 1 1 1 3]: 0.12153547098889894
START [3 0 1 3 2]: 0.14412249971967583
START [3 0 1 5 0]: 0.062064691464129886
START [1 5 0 2 1]: 0.12847358417168567
START [3 1 1 2 2]: 0.17588112410715978
START [2 0 1 5 1]: 0.13037413433973727
START [1 5 0 3 0]: 0.12528115164518192
START [2 5 0 1 1]: 0.16850879378584543
START [3 5 0 1 0]: 0.3609974246861626
START [2 5 0 2 0]: 0.1756488093318344
START [1 4 0 3 1]: 0.5945495266328483
START [3 5 0 0 1]: 0.2847995782748063
START [2 4 0 2 1]: 0.6118199831937349
START [2 4 0 3 0]: 0.5828739918231964
START [2 4 0 1 2]: 0.5193997448816216
START [1 4 0 4 0]: 0.6505206668899486
START [3 4 0 1 1]: 0.1895428550522585
START [2 5 0 0 2]: 0.11853079562309564
START [2 3 0 4 0]: 0.5957825824081363
START [3 4 0 2 0]: 0.1950927718046672
START [0 5 0 4 0]: 0.12515097092032515
START [3 3 0 3 0]: 0.16182258388365192
START [3 4 0 0 2]: 0.11375804149315412
START [2 3 0 3 1]: 0.5579791306237567
START [2 3 0 2 2]: 0.5259704012504528
START [2 2 0 4 1]: 0.5822997937335476
START [3 2 0 3 1]: 0.16819971821658153
START [1 3 0 5 0]: 0.11717637920254154
START [3 3 0 1 2]: 0.1464681543369568
START [3 2 0 2 2]: 0.16240118658429112
START [2 2 0 5 0]: 0.11372276900410631
START [3 3 0 0 3]: 0.07463154916931557
START [3 3 0 2 1]: 0.16476101534569926
START [3 2 0 4 0]: 0.16418912741022101
START [3 2 0 1 3]: 0.10328692626204776
START [3 1 0 3 2]: 0.14566448959665096
START [3 1 0 5 0]: 0.059396315322153545
START [3 1 0 4 1]: 0.15757521885900322
START [2 1 0 5 1]: 0.12442510555585838
START [3 0 0 4 2]: 0.11968841872487947
START [3 0 0 5 1]: 0.050841649006762836
START [0 2 6 0 0]: 1.2528626042424853
START [1 0 6 1 0]: 1.2442901359529963
START [2 0 6 0 0]: 1.2590320370250372
START [1 0 7 0 0]: 0.5860583264782253
START [0 1 7 0 0]: 0.578032631664194
START [1 1 6 0 0]: 1.2531809937152927
START [0 1 6 1 0]: 1.261478793219971
START [1 0 6 0 1]: 1.2307135212612195
START [1 1 5 1 0]: 1.0820902719988612
START [0 3 5 0 0]: 1.1046606519248288
START [2 1 5 0 0]: 1.085145255075248
START [1 2 5 0 0]: 1.0804223382249367
START [1 0 5 2 0]: 1.056702162401319
START [3 0 5 0 0]: 0.403720281298003
START [0 2 5 1 0]: 1.0825475509494369
START [2 0 5 0 1]: 1.0623723959852696
START [2 2 4 0 0]: 0.8829761049409939
START [0 3 4 1 0]: 0.9208949099296352
START [1 1 5 0 1]: 1.068705579063816
START [0 4 4 0 0]: 0.9997153263599386
START [1 3 4 0 0]: 0.9111818534778894
START [2 1 4 1 0]: 0.9018535382627781
START [1 2 4 0 1]: 0.8351190888251188
START [1 2 4 1 0]: 0.8762760148403963
START [1 1 4 1 1]: 0.8665493603946942
START [1 1 4 2 0]: 0.8450872937054248
START [0 2 4 2 0]: 0.8518938063828166
START [1 0 4 3 0]: 0.8791671002414563
START [2 0 5 1 0]: 1.0733570049489818
START [2 1 4 0 1]: 0.8607739861337567
START [3 1 4 0 0]: 0.2602724646582707
START [2 0 4 2 0]: 0.8403059877019067
START [3 0 4 1 0]: 0.2713376117591342
START [2 0 4 0 2]: 0.8468441061157999
START [0 3 3 2 0]: 0.7048729227137872
START [2 0 4 1 1]: 0.8747274860142287
START [3 0 4 0 1]: 0.25575424685429693
START [2 3 3 0 0]: 0.7553224177537552
START [1 3 3 0 1]: 0.6911786562319298
START [1 3 3 1 0]: 0.7280395972305121
START [1 2 3 2 0]: 0.6815405286571159
START [0 4 3 1 0]: 0.82767624439698
START [1 4 3 0 0]: 0.8393777498604521
START [2 2 3 0 1]: 0.6764567664897889
START [2 2 3 1 0]: 0.7267521022519838
START [1 2 3 1 1]: 0.6867361471164817
START [2 1 3 2 0]: 0.704918764433514
START [1 1 3 3 0]: 0.723640326706865
START [3 2 3 0 0]: 0.2086697486913909
START [0 5 3 0 0]: 0.1931986749701111
START [2 1 3 1 1]: 0.7219666265993996
START [2 1 3 0 2]: 0.7115177276548982
START [3 1 3 1 0]: 0.2220494426656559
START [3 0 3 0 2]: 0.22216898925437284
START [2 0 3 3 0]: 0.6755540774536085
START [3 0 3 2 0]: 0.2198542182374475
START [1 0 3 4 0]: 0.8169050147860557
START [2 0 3 2 1]: 0.6861436282608615
START [3 1 3 0 1]: 0.21465581221013208
START [0 4 2 2 0]: 0.7119773874566636
START [1 5 2 0 0]: 0.18186899794907346
START [3 0 3 1 1]: 0.22778777070059558
START [1 4 2 0 1]: 0.688479824783759
START [1 4 2 1 0]: 0.7151420253619528
START [0 5 2 1 0]: 0.16581077261138166
START [1 3 2 2 0]: 0.6232250483014773
START [2 4 2 0 0]: 0.7372319894947934
START [0 3 2 3 0]: 0.6393177835908728
START [2 3 2 1 0]: 0.6580858979004941
START [2 3 2 0 1]: 0.607867602664892
START [1 3 2 1 1]: 0.6364541063182507
START [1 2 2 3 0]: 0.6311950861510871
START [3 3 2 0 0]: 0.20565109089095052
START [2 2 2 2 0]: 0.6286719862195317
START [2 2 2 0 2]: 0.597794819288354
START [2 1 2 3 0]: 0.6374976889765729
START [1 1 2 4 0]: 0.7354546274314759
START [3 2 2 1 0]: 0.20157676763390203
START [2 1 2 2 1]: 0.6277620157417615
START [1 2 2 2 1]: 0.6114783442465112
START [3 2 2 0 1]: 0.19270707869653134
START [3 1 2 2 0]: 0.20422081853236698
START [2 2 2 1 1]: 0.6251034945618656
START [2 1 2 1 2]: 0.6469076589738905
START [3 1 2 1 1]: 0.21135263161209175
START [2 0 2 4 0]: 0.6526270078769495
START [1 0 2 5 0]: 0.16508194148461908
START [2 0 2 3 1]: 0.6021390603776811
START [3 1 2 0 2]: 0.2193967050581198
START [3 0 2 3 0]: 0.19075433966882982
START [3 0 2 2 1]: 0.20497457067754482
START [3 0 2 1 2]: 0.21532435378680034
START [0 4 1 3 0]: 0.6782275584105129
START [0 5 1 2 0]: 0.14894803246000196
START [1 5 1 1 0]: 0.1705001543090941
START [2 5 1 0 0]: 0.22307005216680947
START [1 5 1 0 1]: 0.15649547148320306
START [1 4 1 1 1]: 0.6630823846913667
START [1 3 1 3 0]: 0.6054538722959784
START [3 4 1 0 0]: 0.26593326604801054
START [3 0 2 0 3]: 0.11948539721952815
START [2 3 1 2 0]: 0.6042182891728975
START [1 4 1 2 0]: 0.6487119132223576
START [2 4 1 0 1]: 0.6392311963074415
START [3 3 1 1 0]: 0.21233694275610995
START [2 4 1 1 0]: 0.6877919481682319
START [2 3 1 1 1]: 0.6077013933317598
START [1 3 1 2 1]: 0.591106377156286
START [2 3 1 0 2]: 0.5513774680448961
START [1 2 1 4 0]: 0.6741815854547686
START [2 2 1 1 2]: 0.5918973560784357
START [3 2 1 2 0]: 0.1976638013578649
START [3 3 1 0 1]: 0.18149350169299375
START [3 2 1 1 1]: 0.19528670435622567
START [3 1 1 3 0]: 0.19206882418326826
START [2 1 1 3 1]: 0.5968235089743757
START [2 2 1 3 0]: 0.6074909262450225
START [3 2 1 0 2]: 0.1987866957495691
START [2 2 1 2 1]: 0.5925369533997299
START [1 1 1 5 0]: 0.15199145803289446
START [2 1 1 4 0]: 0.6629989937547401
START [3 1 1 2 1]: 0.201155773387857
START [3 1 1 1 2]: 0.21356555330869673
START [2 0 1 4 1]: 0.6289189090547109
START [1 5 0 2 0]: 0.153932137634695
START [2 0 1 5 0]: 0.15161259363420648
START [3 1 1 0 3]: 0.1289928102169887
START [3 0 1 3 1]: 0.18677775445165615
START [0 5 0 3 0]: 0.14025778164740815
START [3 0 1 4 0]: 0.18448230771924187
START [1 5 0 1 1]: 0.15131676555786513
START [2 4 0 2 0]: 0.6688176416737648
START [0 4 0 4 0]: 0.7282266049908838
START [1 4 0 3 0]: 0.6526366569708297
START [2 5 0 1 0]: 0.22560120986197207
START [2 5 0 0 1]: 0.18194332631904556
START [2 4 0 1 1]: 0.6776730267967355
START [1 4 0 2 1]: 0.6451511673247029
START [3 0 1 2 2]: 0.1869041361932331
START [1 3 0 4 0]: 0.6635881497285027
START [3 4 0 1 0]: 0.2513886075320435
START [2 4 0 0 2]: 0.5588973335380799
START [2 3 0 3 0]: 0.6172189179835497
START [3 4 0 0 1]: 0.20836497736657894
START [1 3 0 3 1]: 0.59471586915353
START [3 3 0 2 0]: 0.19812796954894554
START [2 3 0 1 2]: 0.5831105507686103
START [2 2 0 4 0]: 0.66009537631448
START [3 3 0 0 2]: 0.15813561241455537
START [3 5 0 0 0]: 0.3952875004441518
START [1 2 0 5 0]: 0.13724607527819582
START [2 2 0 2 2]: 0.5784174082199226
START [2 2 0 3 1]: 0.5929961898115916
START [2 3 0 2 1]: 0.6032849592160603
START [3 2 0 3 0]: 0.18812442317807046
START [3 1 0 4 0]: 0.18584869297394857
START [2 1 0 5 0]: 0.14213684284802305
START [3 3 0 1 1]: 0.18379497194514174
START [3 2 0 0 3]: 0.1083117485299356
START [3 1 0 2 2]: 0.18544170678829885
START [3 2 0 2 1]: 0.1895881514988536
START [2 1 0 4 1]: 0.6385162181001944
START [3 1 0 3 1]: 0.18853894114659722
START [3 0 0 4 1]: 0.17653037554536727
START [3 2 0 1 2]: 0.19463028487205353
START [3 0 0 3 2]: 0.15792408520536255
START [2 0 0 5 1]: 0.14515067291454262
START [3 1 0 1 3]: 0.12645152182347477
START [3 0 0 5 0]: 0.06632000519520129
START [1 0 5 1 0]: 1.1382816328614354
START [0 1 6 0 0]: 1.3123036688753729
START [1 0 6 0 0]: 1.3082504882773318
START [2 0 5 0 0]: 1.1574695257785963
START [1 1 5 0 0]: 1.1503511768617662
START [0 1 5 1 0]: 1.1471719818460302
START [0 2 5 0 0]: 1.1491824187590225
START [2 1 4 0 0]: 0.9747465278748626
START [1 2 4 0 0]: 0.9574276853409973
START [0 0 7 0 0]: 0.6447049458389628
START [0 2 4 1 0]: 0.957453242436478
START [1 0 5 0 1]: 1.1363994788847862
START [1 1 4 1 0]: 0.947119976539931
START [1 1 4 0 1]: 0.938329508211776
START [1 0 4 2 0]: 0.9301941448549923
START [3 0 4 0 0]: 0.30937296327869523
START [0 3 3 1 0]: 0.8182651846291656
START [2 0 4 1 0]: 0.9653833656221219
START [2 0 4 0 1]: 0.9680323945464386
START [0 3 4 0 0]: 1.0111661236437783
START [2 1 3 1 0]: 0.8110541323875059
START [1 3 3 0 0]: 0.8372456170452902
START [0 2 3 2 0]: 0.7498423382025159
START [1 2 3 1 0]: 0.7763330899660601
START [1 2 3 0 1]: 0.7524622815930356
START [0 4 3 0 0]: 0.926887377548858
START [1 1 3 2 0]: 0.7562030274083212
START [2 2 3 0 0]: 0.8133902416818581
START [3 1 3 0 0]: 0.23892909492167197
START [2 0 3 2 0]: 0.7741686195468671
START [1 1 3 1 1]: 0.7640699866795241
START [2 1 3 0 1]: 0.783283095110583
START [1 0 3 3 0]: 0.8058112164653946
START [0 5 2 0 0]: 0.18979807234080923
START [0 4 2 1 0]: 0.7953807036695579
START [3 0 3 1 0]: 0.24902690622357246
START [2 0 3 0 2]: 0.8086970105746842
START [3 0 3 0 1]: 0.24401411462052014
START [2 0 3 1 1]: 0.8062474967319467
START [1 4 2 0 0]: 0.8071408653079932
START [2 3 2 0 0]: 0.7431544048916701
START [1 3 2 1 0]: 0.7062869718139092
START [1 3 2 0 1]: 0.6821293058440577
START [0 3 2 2 0]: 0.6857985548065169
START [1 2 2 1 1]: 0.672145315482999
START [2 1 2 1 1]: 0.7026089823332757
START [2 2 2 0 1]: 0.6661539886392637
START [1 1 2 3 0]: 0.7094230896027998
START [1 2 2 2 0]: 0.6627623078809322
START [2 1 2 2 0]: 0.6955105653368969
START [3 2 2 0 0]: 0.21155197810640933
START [2 2 2 1 0]: 0.706180824960374
START [2 1 2 0 2]: 0.7180186164722014
START [1 0 2 4 0]: 0.7898456963365357
START [3 1 2 1 0]: 0.22177510246153173
START [2 0 2 2 1]: 0.6871267081451709
START [3 1 2 0 1]: 0.22193291557602507
START [2 0 2 3 0]: 0.6801863464980826
START [3 0 2 1 1]: 0.23475408686012011
START [0 5 1 1 0]: 0.1721701954726557
START [1 4 1 1 0]: 0.7257664323204593
START [0 3 1 3 0]: 0.6686194008151157
START [3 0 2 2 0]: 0.22136275853895684
START [0 4 1 2 0]: 0.7293398006019723
START [2 4 1 0 0]: 0.7743188918222572
START [1 4 1 0 1]: 0.71952239015069
START [3 0 2 0 2]: 0.24478163297034777
START [1 5 1 0 0]: 0.19077135398952377
START [2 3 1 1 0]: 0.6749775604212266
START [1 3 1 2 0]: 0.6397750945077697
START [1 2 1 3 0]: 0.6470466522386451
START [1 3 1 1 1]: 0.645401947319878
START [1 2 1 2 1]: 0.6325669851087192
START [2 2 1 2 0]: 0.6458034518181874
START [2 2 1 1 1]: 0.6477284604962984
START [3 3 1 0 0]: 0.22485942229847689
START [2 3 1 0 1]: 0.6401346798928248
START [2 1 1 3 0]: 0.6632526103834873
START [2 2 1 0 2]: 0.6393183258545965
START [3 2 1 1 0]: 0.211993029784323
START [3 2 1 0 1]: 0.20429947873281532
START [1 1 1 4 0]: 0.7423454822550496
START [3 1 1 2 0]: 0.21266302793667063
START [2 1 1 1 2]: 0.6691128926724342
START [3 1 1 0 2]: 0.23780890762019008
START [2 0 1 4 0]: 0.7099466277904638
START [2 1 1 2 1]: 0.6487429407280693
START [2 0 1 3 1]: 0.6499054339230302
START [3 0 1 3 0]: 0.20583087172523884
START [3 0 1 1 2]: 0.23131259128939646
START [1 0 1 5 0]: 0.17166750369899716
START [0 5 0 2 0]: 0.159001024265977
START [3 1 1 1 1]: 0.22244209760315514
START [3 0 1 0 3]: 0.13884383315529814
START [2 5 0 0 0]: 0.24950904291003922
START [1 5 0 0 1]: 0.16855522358184008
START [1 5 0 1 0]: 0.18280091239026197
START [1 3 0 3 0]: 0.6504912060358796
START [1 4 0 1 1]: 0.7005712109569633
START [0 4 0 3 0]: 0.7250409109959306
START [2 4 0 1 0]: 0.7514329081813771
START [1 4 0 2 0]: 0.6905050259400357
START [1 3 0 2 1]: 0.6304863092535833
START [3 0 1 2 1]: 0.21682389663926935
START [2 4 0 0 1]: 0.7151982003278126
START [2 3 0 2 0]: 0.653068538245392
START [3 4 0 0 0]: 0.29385799448142075
START [2 3 0 0 2]: 0.6226534904714148
START [3 3 0 1 0]: 0.22919240910283725
START [2 3 0 1 1]: 0.6578210272076364
START [2 2 0 3 0]: 0.6497345582820535
START [1 2 0 4 0]: 0.7151424529155643
START [3 3 0 0 1]: 0.19406419399540908
START [2 2 0 2 1]: 0.6362741919695759
START [2 2 0 1 2]: 0.6392770858626685
START [2 1 0 3 1]: 0.6420636508168183
START [3 2 0 1 1]: 0.2051731128808604
START [3 2 0 2 0]: 0.20925084228353424
START [3 1 0 1 2]: 0.22602225087741518
START [2 0 0 5 0]: 0.16701944499115562
START [3 1 0 2 1]: 0.21297052304643613
START [2 1 0 4 0]: 0.7129964364523786
START [3 1 0 0 3]: 0.13622538014839564
START [1 1 0 5 0]: 0.16021121593697
START [3 1 0 3 0]: 0.20448102096933066
START [3 0 0 4 0]: 0.20469674168421073
START [3 2 0 0 2]: 0.21174307038394471
START [2 0 0 4 1]: 0.695831253943636
START [3 0 0 3 1]: 0.2043683237002859
START [3 0 0 2 2]: 0.19933285632625775
START [1 0 5 0 0]: 1.2107956867761112
START [1 0 4 1 0]: 1.014191060981494
START [0 1 5 0 0]: 1.2094069603587374
START [1 1 4 0 0]: 1.0293013479904674
START [2 0 4 0 0]: 1.061338428476312
START [0 2 4 0 0]: 1.0370325330820258
START [0 1 4 1 0]: 1.0234315378576475
START [1 2 3 0 0]: 0.8611155601752923
START [0 3 3 0 0]: 0.9257855689065568
START [1 0 4 0 1]: 1.0327421998452728
START [0 0 6 0 0]: 1.3704938383586935
START [0 2 3 1 0]: 0.8455001010760255
START [1 0 3 2 0]: 0.8336419851653675
START [2 1 3 0 0]: 0.8833476863663459
START [1 1 3 0 1]: 0.8323497776986456
START [2 0 3 1 0]: 0.8844963300248341
START [0 4 2 0 0]: 0.8831459360347572
START [2 0 3 0 1]: 0.890377728690669
START [1 2 2 1 0]: 0.7324567190798221
START [3 0 3 0 0]: 0.27214262467737343
START [0 2 2 2 0]: 0.7143264800370999
START [2 2 2 0 0]: 0.7823173632860576
START [1 2 2 0 1]: 0.7170643917500001
START [0 3 2 1 0]: 0.7708214587250262
START [1 1 3 1 0]: 0.8374029905410931
START [1 3 2 0 0]: 0.7955693424400826
START [2 1 2 1 0]: 0.7672590595713781
START [1 1 2 2 0]: 0.7241115191438597
START [2 0 2 1 1]: 0.7737483161476906
START [1 1 2 1 1]: 0.7267596432016122
START [3 0 2 1 0]: 0.2443186816098502
START [2 0 2 2 0]: 0.7547726754798482
START [3 1 2 0 0]: 0.23425168920174205
START [2 1 2 0 1]: 0.7529549249623873
START [1 0 2 3 0]: 0.7686089591967499
START [3 0 2 0 1]: 0.24972484839485887
START [1 4 1 0 0]: 0.8079797378662268
START [0 4 1 1 0]: 0.7913027763284477
START [2 0 2 0 2]: 0.8040705112952985
START [1 3 1 0 1]: 0.6936782490535303
START [2 3 1 0 0]: 0.7552855998834707
START [2 2 1 1 0]: 0.7120297023964158
START [1 3 1 1 0]: 0.7024951634606823
START [0 3 1 2 0]: 0.6971167744565354
START [2 2 1 0 1]: 0.6837581595649209
START [3 2 1 0 0]: 0.2224543054078969
START [1 2 1 2 0]: 0.6745578024439263
START [1 2 1 1 1]: 0.6766621688439822
START [2 1 1 1 1]: 0.7074350885683491
START [1 1 1 3 0]: 0.7049267156447836
START [0 5 1 0 0]: 0.19386791694643002
START [1 0 1 4 0]: 0.7992223470460588
START [2 1 1 2 0]: 0.7019248391821277
START [2 1 1 0 2]: 0.7355267450057089
START [3 1 1 0 1]: 0.23438887303331052
START [2 0 1 3 0]: 0.718235996842604
START [3 0 1 2 0]: 0.2301810336160269
START [3 1 1 1 0]: 0.2284776113544624
START [2 0 1 2 1]: 0.7057447767331757
START [1 5 0 0 0]: 0.202081034380527
START [1 4 0 0 1]: 0.7534472203306245
START [2 4 0 0 0]: 0.8338459136228318
START [1 4 0 1 0]: 0.7536234158018215
START [0 4 0 2 0]: 0.759083094174567
START [3 0 1 1 1]: 0.24433191103885996
START [3 0 1 0 2]: 0.26673616728486294
START [0 3 0 3 0]: 0.7015200824543317
START [0 5 0 1 0]: 0.17993093874409943
START [1 3 0 2 0]: 0.6708870696506706
START [1 2 0 3 0]: 0.6766670774938071
START [2 3 0 0 1]: 0.693477974927658
START [1 2 0 2 1]: 0.6615640408192753
START [3 2 0 1 0]: 0.22382218937033918
START [2 3 0 1 0]: 0.7147314315831503
START [2 2 0 2 0]: 0.6816103642470709
START [2 2 0 0 2]: 0.6966905262904907
START [3 3 0 0 0]: 0.2447205781612749
START [3 2 0 0 1]: 0.21616609556208838
START [2 1 0 2 1]: 0.6828660053991096
START [2 2 0 1 1]: 0.6832717828860965
START [1 1 0 4 0]: 0.7613386276176516
START [1 3 0 1 1]: 0.6810087761709789
START [2 1 0 3 0]: 0.6990345027594675
START [3 1 0 1 1]: 0.23394698467427788
START [3 1 0 2 0]: 0.22354456731729613
START [1 0 0 5 0]: 0.18085316091515902
START [3 1 0 0 2]: 0.2545419805523937
START [2 0 0 4 0]: 0.7631227343529072
START [2 1 0 1 2]: 0.7032034371385565
START [2 0 0 3 1]: 0.6976934491001652
START [3 0 0 3 0]: 0.22180381215182496
START [3 0 0 1 2]: 0.24576003374310007
START [3 0 0 2 1]: 0.2301936626262247
START [3 0 0 0 3]: 0.15370260508118444
START [0 1 4 0 0]: 1.0922261461734424
START [1 0 3 1 0]: 0.9054113087281892
START [0 2 3 0 0]: 0.9333836303395051
START [0 1 3 1 0]: 0.9098670525907604
START [1 1 3 0 0]: 0.9212125515433679
START [2 0 3 0 0]: 0.9676528832422314
START [1 0 3 0 1]: 0.9301062613954053
START [0 2 2 1 0]: 0.7821506750506864
START [0 0 5 0 0]: 1.271202825208131
START [1 2 2 0 0]: 0.8175038191063669
START [1 0 4 0 0]: 1.1027546060899456
START [0 3 2 0 0]: 0.870791810574035
START [2 0 2 1 0]: 0.839830386243254
START [2 0 2 0 1]: 0.8496227367557245
START [1 1 2 0 1]: 0.7887951061680587
START [1 1 2 1 0]: 0.7859337912144845
START [2 1 2 0 0]: 0.8358065649421417
START [0 2 1 2 0]: 0.7144253467996682
START [1 2 1 1 0]: 0.7290643189709743
START [1 2 1 0 1]: 0.7197108243409382
START [1 0 2 2 0]: 0.7890175403790723
START [3 0 2 0 0]: 0.26106541842797154
START [1 3 1 0 0]: 0.781734558008753
START [0 3 1 1 0]: 0.7622794686171025
START [0 4 1 0 0]: 0.8612755609740522
START [1 1 1 2 0]: 0.722209603990836
START [1 1 1 1 1]: 0.7224007847424451
START [2 1 1 0 1]: 0.7570513023911669
START [2 2 1 0 0]: 0.7774623421772704
START [2 1 1 1 0]: 0.7648133401386423
START [1 0 1 3 0]: 0.7626841004529871
START [2 0 1 1 1]: 0.7749977761858768
START [2 0 1 2 0]: 0.7595474205046605
START [3 1 1 0 0]: 0.24050471188362454
START [0 4 0 1 0]: 0.8025324455757027
START [3 0 1 1 0]: 0.24854104077465103
START [2 0 1 0 2]: 0.8137390928846332
START [3 0 1 0 1]: 0.26237854328158805
START [1 3 0 1 0]: 0.7250032541765781
START [1 4 0 0 0]: 0.8274516368378734
START [0 5 0 0 0]: 0.19996007046328274
START [2 2 0 1 0]: 0.7336680861988469
START [1 2 0 1 1]: 0.702403983017299
START [1 3 0 0 1]: 0.7275777509424958
START [0 3 0 2 0]: 0.7191176084464793
START [3 2 0 0 0]: 0.23499546255209644
START [1 2 0 2 0]: 0.698355777539309
START [2 3 0 0 0]: 0.7858445357789573
START [1 1 0 3 0]: 0.7258433408579088
START [2 1 0 2 0]: 0.7258267601073518
START [1 0 0 4 0]: 0.8165618521953362
START [2 1 0 0 2]: 0.766070238340429
START [3 1 0 0 1]: 0.24752914908183352
START [3 1 0 1 0]: 0.2382492290123249
START [2 2 0 0 1]: 0.7181755928201815
START [3 0 0 2 0]: 0.24054315589630007
START [2 0 0 2 1]: 0.740719834873258
START [2 0 0 3 0]: 0.7514668023497285
START [3 0 0 1 1]: 0.25647807284531693
START [2 1 0 1 1]: 0.7323927680717942
START [3 0 0 0 2]: 0.285441871722705
START [0 1 3 0 0]: 0.9776204574831381
START [0 0 4 0 0]: 1.1575843184167494
START [1 1 2 0 0]: 0.8569006023379782
START [0 3 1 0 0]: 0.8428508659160908
START [0 2 2 0 0]: 0.8672014253706248
START [1 0 2 1 0]: 0.8452453024583425
START [2 0 2 0 0]: 0.9093241617297526
START [1 0 3 0 0]: 0.9948599319992548
START [0 2 1 1 0]: 0.7636464125290988
START [0 1 2 1 0]: 0.8322520476703325
START [1 1 1 0 1]: 0.7768408371330541
START [1 0 2 0 1]: 0.8639580807307535
START [1 2 1 0 0]: 0.8001349933929297
START [2 0 1 0 1]: 0.8372988877682431
START [2 1 1 0 0]: 0.8196854711092549
START [0 4 0 0 0]: 0.8610963779662104
START [1 0 1 2 0]: 0.7726693099230908
START [0 3 0 1 0]: 0.7691480807476796
START [1 1 1 1 0]: 0.7685076874944319
START [3 0 1 0 0]: 0.262631424162651
START [2 2 0 0 0]: 0.7926836447601984
START [1 2 0 1 0]: 0.7437633643685132
START [0 2 0 2 0]: 0.7323538959743789
START [1 3 0 0 0]: 0.7955378436054529
START [2 1 0 1 0]: 0.776251576598844
START [2 0 1 1 0]: 0.8244634367752874
START [1 2 0 0 1]: 0.7428641539485581
START [1 1 0 1 1]: 0.7426424880035737
START [2 1 0 0 1]: 0.7781783167879568
START [2 0 0 2 0]: 0.7823724052131898
START [1 1 0 2 0]: 0.7352934103272518
START [1 0 0 3 0]: 0.7826233002686078
START [2 0 0 0 2]: 0.8368454705951337
START [3 1 0 0 0]: 0.24998317450179455
START [2 0 0 1 1]: 0.7909730993015667
START [3 0 0 1 0]: 0.25677015977512224
START [3 0 0 0 1]: 0.2775616228718155
START [2 0 1 0 0]: 0.8832055102122037
START [0 1 1 1 0]: 0.8026342791243054
START [0 1 2 0 0]: 0.901622022566949
START [1 1 1 0 0]: 0.833017701019855
START [0 0 3 0 0]: 1.0402279075061849
START [1 0 1 1 0]: 0.8237400260326191
START [0 2 1 0 0]: 0.8366948295459956
START [0 3 0 0 0]: 0.8377905354069966
START [0 2 0 1 0]: 0.7724596577804465
START [1 2 0 0 0]: 0.8023118758865512
START [1 1 0 0 1]: 0.7859203681340757
START [2 1 0 0 0]: 0.8240433184222429
START [1 0 2 0 0]: 0.9205316099486603
START [1 0 1 0 1]: 0.83496130078497
START [2 0 0 1 0]: 0.8309615673367876
START [1 0 0 2 0]: 0.783151412666847
START [2 0 0 0 1]: 0.8456971509103152
START [1 1 0 1 0]: 0.7769944327914168
START [3 0 0 0 0]: 0.27029176438602015
START [2 0 0 0 0]: 0.8802305584679009
START [1 0 0 1 0]: 0.8201461222564396
START [0 2 0 0 0]: 0.8304404884049565
START [0 0 2 0 0]: 0.9597816070148428
START [0 1 1 0 0]: 0.8611776562612884
START [1 0 0 0 1]: 0.839273646638538
START [1 0 1 0 0]: 0.8829868537318726
START [1 1 0 0 0]: 0.8276456565008736
START [0 1 0 1 0]: 0.8033747897281348
START [0 1 0 0 0]: 0.8488339326401337
START [1 0 0 0 0]: 0.8710131638805843
START [0 0 1 0 0]: 0.9131969607821309
START [0 0 0 0 0]: 0.8904814558040184
